 Title Card Required                                                            
 Basis set information needed for plotting orbitals
 ---------------------------------------------------------------------------
     10    42   118
 ---------------------------------------------------------------------------
    6  -3.329219900   2.091826940   0.000000000
    1  -2.839967430   1.120094350  -0.000000040
    1  -4.414989510   2.089928580   0.000000000
    6  -2.624068780   3.231943550   0.000000010
    1  -3.149818500   4.187367240   0.000000030
    6  -1.168018280   3.297558130   0.000000020
    1  -0.642289190   2.342122530   0.000000040
    6  -0.462840870   4.437656730  -0.000000010
    1  -0.952055180   5.409407090  -0.000000040
    1   0.622929910   4.439514340  -0.000000010
 ---------------------------------------------------------------------------
      1     1     1     8
      1
      1     1     9     8
      1
      1     1    17     1
      1
      1     3    18     3
    101   102   103
      1     3    21     1
    101   102   103
      1     6    22     1
    201   204   206   202   203   205
      2     1    23     3
      1
      2     1    26     1
      1
      2     3    27     1
    101   102   103
      3     1    28     3
      1
      3     1    31     1
      1
      3     3    32     1
    101   102   103
      4     1    33     8
      1
      4     1    41     8
      1
      4     1    49     1
      1
      4     3    50     3
    101   102   103
      4     3    53     1
    101   102   103
      4     6    54     1
    201   204   206   202   203   205
      5     1    55     3
      1
      5     1    58     1
      1
      5     3    59     1
    101   102   103
      6     1    60     8
      1
      6     1    68     8
      1
      6     1    76     1
      1
      6     3    77     3
    101   102   103
      6     3    80     1
    101   102   103
      6     6    81     1
    201   204   206   202   203   205
      7     1    82     3
      1
      7     1    85     1
      1
      7     3    86     1
    101   102   103
      8     1    87     8
      1
      8     1    95     8
      1
      8     1   103     1
      1
      8     3   104     3
    101   102   103
      8     3   107     1
    101   102   103
      8     6   108     1
    201   204   206   202   203   205
      9     1   109     3
      1
      9     1   112     1
      1
      9     3   113     1
    101   102   103
     10     1   114     3
      1
     10     1   117     1
      1
     10     3   118     1
    101   102   103
 ---------------------------------------------------------------------------
     0.666500000E+04   0.100000000E+04   0.228000000E+03   0.647100000E+02
     0.210600000E+02   0.749500000E+01   0.279700000E+01   0.521500000E+00
     0.666500000E+04   0.100000000E+04   0.228000000E+03   0.647100000E+02
     0.210600000E+02   0.749500000E+01   0.279700000E+01   0.521500000E+00
     0.159600000E+00   0.943900000E+01   0.200200000E+01   0.545600000E+00
     0.151700000E+00   0.550000000E+00   0.130100000E+02   0.196200000E+01
     0.444600000E+00   0.122000000E+00   0.727000000E+00   0.130100000E+02
     0.196200000E+01   0.444600000E+00   0.122000000E+00   0.727000000E+00
     0.666500000E+04   0.100000000E+04   0.228000000E+03   0.647100000E+02
     0.210600000E+02   0.749500000E+01   0.279700000E+01   0.521500000E+00
     0.666500000E+04   0.100000000E+04   0.228000000E+03   0.647100000E+02
     0.210600000E+02   0.749500000E+01   0.279700000E+01   0.521500000E+00
     0.159600000E+00   0.943900000E+01   0.200200000E+01   0.545600000E+00
     0.151700000E+00   0.550000000E+00   0.130100000E+02   0.196200000E+01
     0.444600000E+00   0.122000000E+00   0.727000000E+00   0.666500000E+04
     0.100000000E+04   0.228000000E+03   0.647100000E+02   0.210600000E+02
     0.749500000E+01   0.279700000E+01   0.521500000E+00   0.666500000E+04
     0.100000000E+04   0.228000000E+03   0.647100000E+02   0.210600000E+02
     0.749500000E+01   0.279700000E+01   0.521500000E+00   0.159600000E+00
     0.943900000E+01   0.200200000E+01   0.545600000E+00   0.151700000E+00
     0.550000000E+00   0.130100000E+02   0.196200000E+01   0.444600000E+00
     0.122000000E+00   0.727000000E+00   0.666500000E+04   0.100000000E+04
     0.228000000E+03   0.647100000E+02   0.210600000E+02   0.749500000E+01
     0.279700000E+01   0.521500000E+00   0.666500000E+04   0.100000000E+04
     0.228000000E+03   0.647100000E+02   0.210600000E+02   0.749500000E+01
     0.279700000E+01   0.521500000E+00   0.159600000E+00   0.943900000E+01
     0.200200000E+01   0.545600000E+00   0.151700000E+00   0.550000000E+00
     0.130100000E+02   0.196200000E+01   0.444600000E+00   0.122000000E+00
     0.727000000E+00   0.130100000E+02   0.196200000E+01   0.444600000E+00
     0.122000000E+00   0.727000000E+00

     0.363584300E+00   0.674985793E+00   0.113161994E+01   0.165300921E+01
     0.192382064E+01   0.144727832E+01   0.439163129E+00   0.664580367E-02
    -0.154179748E+00  -0.293785374E+00  -0.480895804E+00  -0.761434316E+00
    -0.900103892E+00  -0.972611352E+00  -0.394041946E+00   0.478394425E+00
     0.179963635E+00   0.000000000E+00   0.000000000E+00   0.000000000E+00
     0.000000000E+00   0.000000000E+00   0.163548423E+00   0.277417542E+00
     0.315749307E+00   0.147122794E+00   0.000000000E+00   0.163548423E+00
     0.277417542E+00   0.315749307E+00   0.147122794E+00   0.000000000E+00
     0.363584300E+00   0.674985793E+00   0.113161994E+01   0.165300921E+01
     0.192382064E+01   0.144727832E+01   0.439163129E+00   0.664580367E-02
    -0.154179748E+00  -0.293785374E+00  -0.480895804E+00  -0.761434316E+00
    -0.900103892E+00  -0.972611352E+00  -0.394041946E+00   0.478394425E+00
     0.179963635E+00   0.000000000E+00   0.000000000E+00   0.000000000E+00
     0.000000000E+00   0.000000000E+00   0.163548423E+00   0.277417542E+00
     0.315749307E+00   0.147122794E+00   0.000000000E+00   0.363584300E+00
     0.674985793E+00   0.113161994E+01   0.165300921E+01   0.192382064E+01
     0.144727832E+01   0.439163129E+00   0.664580367E-02  -0.154179748E+00
    -0.293785374E+00  -0.480895804E+00  -0.761434316E+00  -0.900103892E+00
    -0.972611352E+00  -0.394041946E+00   0.478394425E+00   0.179963635E+00
     0.000000000E+00   0.000000000E+00   0.000000000E+00   0.000000000E+00
     0.000000000E+00   0.163548423E+00   0.277417542E+00   0.315749307E+00
     0.147122794E+00   0.000000000E+00   0.363584300E+00   0.674985793E+00
     0.113161994E+01   0.165300921E+01   0.192382064E+01   0.144727832E+01
     0.439163129E+00   0.664580367E-02  -0.154179748E+00  -0.293785374E+00
    -0.480895804E+00  -0.761434316E+00  -0.900103892E+00  -0.972611352E+00
    -0.394041946E+00   0.478394425E+00   0.179963635E+00   0.000000000E+00
     0.000000000E+00   0.000000000E+00   0.000000000E+00   0.000000000E+00
     0.163548423E+00   0.277417542E+00   0.315749307E+00   0.147122794E+00
     0.000000000E+00   0.163548423E+00   0.277417542E+00   0.315749307E+00
     0.147122794E+00   0.000000000E+00

     0.000000000E+00   0.000000000E+00   0.000000000E+00   0.000000000E+00
     0.000000000E+00   0.000000000E+00   0.000000000E+00   0.000000000E+00
     0.000000000E+00   0.000000000E+00   0.000000000E+00   0.000000000E+00
     0.000000000E+00   0.000000000E+00   0.000000000E+00   0.000000000E+00
     0.000000000E+00   0.134373711E+01   0.106316809E+01   0.508231834E+00
     0.134949744E+00   0.000000000E+00   0.000000000E+00   0.000000000E+00
     0.000000000E+00   0.000000000E+00   0.956881375E+00   0.000000000E+00
     0.000000000E+00   0.000000000E+00   0.000000000E+00   0.956881375E+00
     0.000000000E+00   0.000000000E+00   0.000000000E+00   0.000000000E+00
     0.000000000E+00   0.000000000E+00   0.000000000E+00   0.000000000E+00
     0.000000000E+00   0.000000000E+00   0.000000000E+00   0.000000000E+00
     0.000000000E+00   0.000000000E+00   0.000000000E+00   0.000000000E+00
     0.000000000E+00   0.134373711E+01   0.106316809E+01   0.508231834E+00
     0.134949744E+00   0.000000000E+00   0.000000000E+00   0.000000000E+00
     0.000000000E+00   0.000000000E+00   0.956881375E+00   0.000000000E+00
     0.000000000E+00   0.000000000E+00   0.000000000E+00   0.000000000E+00
     0.000000000E+00   0.000000000E+00   0.000000000E+00   0.000000000E+00
     0.000000000E+00   0.000000000E+00   0.000000000E+00   0.000000000E+00
     0.000000000E+00   0.000000000E+00   0.000000000E+00   0.000000000E+00
     0.134373711E+01   0.106316809E+01   0.508231834E+00   0.134949744E+00
     0.000000000E+00   0.000000000E+00   0.000000000E+00   0.000000000E+00
     0.000000000E+00   0.956881375E+00   0.000000000E+00   0.000000000E+00
     0.000000000E+00   0.000000000E+00   0.000000000E+00   0.000000000E+00
     0.000000000E+00   0.000000000E+00   0.000000000E+00   0.000000000E+00
     0.000000000E+00   0.000000000E+00   0.000000000E+00   0.000000000E+00
     0.000000000E+00   0.000000000E+00   0.000000000E+00   0.134373711E+01
     0.106316809E+01   0.508231834E+00   0.134949744E+00   0.000000000E+00
     0.000000000E+00   0.000000000E+00   0.000000000E+00   0.000000000E+00
     0.956881375E+00   0.000000000E+00   0.000000000E+00   0.000000000E+00
     0.000000000E+00   0.956881375E+00

     0.000000000E+00   0.000000000E+00   0.000000000E+00   0.000000000E+00
     0.000000000E+00   0.000000000E+00   0.000000000E+00   0.000000000E+00
     0.000000000E+00   0.000000000E+00   0.000000000E+00   0.000000000E+00
     0.000000000E+00   0.000000000E+00   0.000000000E+00   0.000000000E+00
     0.000000000E+00   0.000000000E+00   0.000000000E+00   0.000000000E+00
     0.000000000E+00   0.578154836E+00   0.000000000E+00   0.000000000E+00
     0.000000000E+00   0.000000000E+00   0.000000000E+00   0.000000000E+00
     0.000000000E+00   0.000000000E+00   0.000000000E+00   0.000000000E+00
     0.000000000E+00   0.000000000E+00   0.000000000E+00   0.000000000E+00
     0.000000000E+00   0.000000000E+00   0.000000000E+00   0.000000000E+00
     0.000000000E+00   0.000000000E+00   0.000000000E+00   0.000000000E+00
     0.000000000E+00   0.000000000E+00   0.000000000E+00   0.000000000E+00
     0.000000000E+00   0.000000000E+00   0.000000000E+00   0.000000000E+00
     0.000000000E+00   0.578154836E+00   0.000000000E+00   0.000000000E+00
     0.000000000E+00   0.000000000E+00   0.000000000E+00   0.000000000E+00
     0.000000000E+00   0.000000000E+00   0.000000000E+00   0.000000000E+00
     0.000000000E+00   0.000000000E+00   0.000000000E+00   0.000000000E+00
     0.000000000E+00   0.000000000E+00   0.000000000E+00   0.000000000E+00
     0.000000000E+00   0.000000000E+00   0.000000000E+00   0.000000000E+00
     0.000000000E+00   0.000000000E+00   0.000000000E+00   0.000000000E+00
     0.578154836E+00   0.000000000E+00   0.000000000E+00   0.000000000E+00
     0.000000000E+00   0.000000000E+00   0.000000000E+00   0.000000000E+00
     0.000000000E+00   0.000000000E+00   0.000000000E+00   0.000000000E+00
     0.000000000E+00   0.000000000E+00   0.000000000E+00   0.000000000E+00
     0.000000000E+00   0.000000000E+00   0.000000000E+00   0.000000000E+00
     0.000000000E+00   0.000000000E+00   0.000000000E+00   0.000000000E+00
     0.000000000E+00   0.000000000E+00   0.000000000E+00   0.578154836E+00
     0.000000000E+00   0.000000000E+00   0.000000000E+00   0.000000000E+00
     0.000000000E+00   0.000000000E+00   0.000000000E+00   0.000000000E+00
     0.000000000E+00   0.000000000E+00

     0.000000000E+00   0.000000000E+00   0.000000000E+00   0.000000000E+00
     0.000000000E+00   0.000000000E+00   0.000000000E+00   0.000000000E+00
     0.000000000E+00   0.000000000E+00   0.000000000E+00   0.000000000E+00
     0.000000000E+00   0.000000000E+00   0.000000000E+00   0.000000000E+00
     0.000000000E+00   0.000000000E+00   0.000000000E+00   0.000000000E+00
     0.000000000E+00   0.000000000E+00   0.000000000E+00   0.000000000E+00
     0.000000000E+00   0.000000000E+00   0.000000000E+00   0.000000000E+00
     0.000000000E+00   0.000000000E+00   0.000000000E+00   0.000000000E+00
     0.000000000E+00   0.000000000E+00   0.000000000E+00   0.000000000E+00
     0.000000000E+00   0.000000000E+00   0.000000000E+00   0.000000000E+00
     0.000000000E+00   0.000000000E+00   0.000000000E+00   0.000000000E+00
     0.000000000E+00   0.000000000E+00   0.000000000E+00   0.000000000E+00
     0.000000000E+00   0.000000000E+00   0.000000000E+00   0.000000000E+00
     0.000000000E+00   0.000000000E+00   0.000000000E+00   0.000000000E+00
     0.000000000E+00   0.000000000E+00   0.000000000E+00   0.000000000E+00
     0.000000000E+00   0.000000000E+00   0.000000000E+00   0.000000000E+00
     0.000000000E+00   0.000000000E+00   0.000000000E+00   0.000000000E+00
     0.000000000E+00   0.000000000E+00   0.000000000E+00   0.000000000E+00
     0.000000000E+00   0.000000000E+00   0.000000000E+00   0.000000000E+00
     0.000000000E+00   0.000000000E+00   0.000000000E+00   0.000000000E+00
     0.000000000E+00   0.000000000E+00   0.000000000E+00   0.000000000E+00
     0.000000000E+00   0.000000000E+00   0.000000000E+00   0.000000000E+00
     0.000000000E+00   0.000000000E+00   0.000000000E+00   0.000000000E+00
     0.000000000E+00   0.000000000E+00   0.000000000E+00   0.000000000E+00
     0.000000000E+00   0.000000000E+00   0.000000000E+00   0.000000000E+00
     0.000000000E+00   0.000000000E+00   0.000000000E+00   0.000000000E+00
     0.000000000E+00   0.000000000E+00   0.000000000E+00   0.000000000E+00
     0.000000000E+00   0.000000000E+00   0.000000000E+00   0.000000000E+00
     0.000000000E+00   0.000000000E+00   0.000000000E+00   0.000000000E+00
     0.000000000E+00   0.000000000E+00
