 82712                                                                          
 Basis set information needed for plotting orbitals
 ---------------------------------------------------------------------------
     33   144   420
 ---------------------------------------------------------------------------
    8   0.341097178  -2.277576461   0.421341112
    8  -1.525729522   3.778857444  -0.334713929
    6   2.733799123  -0.656807367   0.248343381
    6  -2.283809693  -1.441437884   0.268862506
    6   1.324069931  -0.073245428   0.187285725
    6  -1.128645006  -0.450385104   0.187765730
    6   0.201361888  -0.925956779   0.265180762
    6   1.081784281   1.289760164   0.017081079
    6  -1.310622421   0.916113760   0.016623436
    6  -0.219488257   1.793565941  -0.071122158
    6   3.805828334   0.351900429   0.684850512
    6   3.122586240  -1.311100400  -1.096234350
    6  -2.481320688  -2.160645054  -1.082293355
    6  -3.599389753  -0.810615089   0.745689470
    6  -0.436503993   3.239225103  -0.248155259
    1   2.738958633  -1.444981017   1.021294485
    1  -1.994374318  -2.204284153   1.001446438
    1   1.915087114   1.983841855  -0.045308832
    1  -2.304945080   1.344063100  -0.046180803
    1   3.958576892   1.128134874  -0.072202210
    1   4.764376129  -0.157202363   0.823626605
    1   3.540083965   0.841214319   1.626427958
    1   2.393587206  -2.064304197  -1.411445430
    1   4.103621878  -1.793193299  -1.027848758
    1   3.170011624  -0.552669343  -1.884163059
    1  -2.767477762  -1.446486155  -1.862366926
    1  -3.274435271  -2.912371324  -1.004816831
    1  -1.565487858  -2.665888161  -1.399419824
    1  -3.473196008  -0.276098654   1.692403523
    1  -4.352728200  -1.590568187   0.895136009
    1  -4.005171213  -0.106113900   0.011706739
    1   1.272947377  -2.496687836   0.547127576
    1   0.499723713   3.841112846  -0.301699002
 ---------------------------------------------------------------------------
      1     1     1     8
      1
      1     1     9     8
      1
      1     1    17     1
      1
      1     3    18     3
    101   102   103
      1     3    21     1
    101   102   103
      1     6    22     1
    201   204   206   202   203   205
      2     1    23     8
      1
      2     1    31     8
      1
      2     1    39     1
      1
      2     3    40     3
    101   102   103
      2     3    43     1
    101   102   103
      2     6    44     1
    201   204   206   202   203   205
      3     1    45     8
      1
      3     1    53     8
      1
      3     1    61     1
      1
      3     3    62     3
    101   102   103
      3     3    65     1
    101   102   103
      3     6    66     1
    201   204   206   202   203   205
      4     1    67     8
      1
      4     1    75     8
      1
      4     1    83     1
      1
      4     3    84     3
    101   102   103
      4     3    87     1
    101   102   103
      4     6    88     1
    201   204   206   202   203   205
      5     1    89     8
      1
      5     1    97     8
      1
      5     1   105     1
      1
      5     3   106     3
    101   102   103
      5     3   109     1
    101   102   103
      5     6   110     1
    201   204   206   202   203   205
      6     1   111     8
      1
      6     1   119     8
      1
      6     1   127     1
      1
      6     3   128     3
    101   102   103
      6     3   131     1
    101   102   103
      6     6   132     1
    201   204   206   202   203   205
      7     1   133     8
      1
      7     1   141     8
      1
      7     1   149     1
      1
      7     3   150     3
    101   102   103
      7     3   153     1
    101   102   103
      7     6   154     1
    201   204   206   202   203   205
      8     1   155     8
      1
      8     1   163     8
      1
      8     1   171     1
      1
      8     3   172     3
    101   102   103
      8     3   175     1
    101   102   103
      8     6   176     1
    201   204   206   202   203   205
      9     1   177     8
      1
      9     1   185     8
      1
      9     1   193     1
      1
      9     3   194     3
    101   102   103
      9     3   197     1
    101   102   103
      9     6   198     1
    201   204   206   202   203   205
     10     1   199     8
      1
     10     1   207     8
      1
     10     1   215     1
      1
     10     3   216     3
    101   102   103
     10     3   219     1
    101   102   103
     10     6   220     1
    201   204   206   202   203   205
     11     1   221     8
      1
     11     1   229     8
      1
     11     1   237     1
      1
     11     3   238     3
    101   102   103
     11     3   241     1
    101   102   103
     11     6   242     1
    201   204   206   202   203   205
     12     1   243     8
      1
     12     1   251     8
      1
     12     1   259     1
      1
     12     3   260     3
    101   102   103
     12     3   263     1
    101   102   103
     12     6   264     1
    201   204   206   202   203   205
     13     1   265     8
      1
     13     1   273     8
      1
     13     1   281     1
      1
     13     3   282     3
    101   102   103
     13     3   285     1
    101   102   103
     13     6   286     1
    201   204   206   202   203   205
     14     1   287     8
      1
     14     1   295     8
      1
     14     1   303     1
      1
     14     3   304     3
    101   102   103
     14     3   307     1
    101   102   103
     14     6   308     1
    201   204   206   202   203   205
     15     1   309     8
      1
     15     1   317     8
      1
     15     1   325     1
      1
     15     3   326     3
    101   102   103
     15     3   329     1
    101   102   103
     15     6   330     1
    201   204   206   202   203   205
     16     1   331     3
      1
     16     1   334     1
      1
     16     3   335     1
    101   102   103
     17     1   336     3
      1
     17     1   339     1
      1
     17     3   340     1
    101   102   103
     18     1   341     3
      1
     18     1   344     1
      1
     18     3   345     1
    101   102   103
     19     1   346     3
      1
     19     1   349     1
      1
     19     3   350     1
    101   102   103
     20     1   351     3
      1
     20     1   354     1
      1
     20     3   355     1
    101   102   103
     21     1   356     3
      1
     21     1   359     1
      1
     21     3   360     1
    101   102   103
     22     1   361     3
      1
     22     1   364     1
      1
     22     3   365     1
    101   102   103
     23     1   366     3
      1
     23     1   369     1
      1
     23     3   370     1
    101   102   103
     24     1   371     3
      1
     24     1   374     1
      1
     24     3   375     1
    101   102   103
     25     1   376     3
      1
     25     1   379     1
      1
     25     3   380     1
    101   102   103
     26     1   381     3
      1
     26     1   384     1
      1
     26     3   385     1
    101   102   103
     27     1   386     3
      1
     27     1   389     1
      1
     27     3   390     1
    101   102   103
     28     1   391     3
      1
     28     1   394     1
      1
     28     3   395     1
    101   102   103
     29     1   396     3
      1
     29     1   399     1
      1
     29     3   400     1
    101   102   103
     30     1   401     3
      1
     30     1   404     1
      1
     30     3   405     1
    101   102   103
     31     1   406     3
      1
     31     1   409     1
      1
     31     3   410     1
    101   102   103
     32     1   411     3
      1
     32     1   414     1
      1
     32     3   415     1
    101   102   103
     33     1   416     3
      1
     33     1   419     1
      1
     33     3   420     1
    101   102   103
 ---------------------------------------------------------------------------
     0.117200000E+05   0.175900000E+04   0.400800000E+03   0.113700000E+03
     0.370300000E+02   0.132700000E+02   0.502500000E+01   0.101300000E+01
     0.117200000E+05   0.175900000E+04   0.400800000E+03   0.113700000E+03
     0.370300000E+02   0.132700000E+02   0.502500000E+01   0.101300000E+01
     0.302300000E+00   0.177000000E+02   0.385400000E+01   0.104600000E+01
     0.275300000E+00   0.118500000E+01   0.117200000E+05   0.175900000E+04
     0.400800000E+03   0.113700000E+03   0.370300000E+02   0.132700000E+02
     0.502500000E+01   0.101300000E+01   0.117200000E+05   0.175900000E+04
     0.400800000E+03   0.113700000E+03   0.370300000E+02   0.132700000E+02
     0.502500000E+01   0.101300000E+01   0.302300000E+00   0.177000000E+02
     0.385400000E+01   0.104600000E+01   0.275300000E+00   0.118500000E+01
     0.666500000E+04   0.100000000E+04   0.228000000E+03   0.647100000E+02
     0.210600000E+02   0.749500000E+01   0.279700000E+01   0.521500000E+00
     0.666500000E+04   0.100000000E+04   0.228000000E+03   0.647100000E+02
     0.210600000E+02   0.749500000E+01   0.279700000E+01   0.521500000E+00
     0.159600000E+00   0.943900000E+01   0.200200000E+01   0.545600000E+00
     0.151700000E+00   0.550000000E+00   0.666500000E+04   0.100000000E+04
     0.228000000E+03   0.647100000E+02   0.210600000E+02   0.749500000E+01
     0.279700000E+01   0.521500000E+00   0.666500000E+04   0.100000000E+04
     0.228000000E+03   0.647100000E+02   0.210600000E+02   0.749500000E+01
     0.279700000E+01   0.521500000E+00   0.159600000E+00   0.943900000E+01
     0.200200000E+01   0.545600000E+00   0.151700000E+00   0.550000000E+00
     0.666500000E+04   0.100000000E+04   0.228000000E+03   0.647100000E+02
     0.210600000E+02   0.749500000E+01   0.279700000E+01   0.521500000E+00
     0.666500000E+04   0.100000000E+04   0.228000000E+03   0.647100000E+02
     0.210600000E+02   0.749500000E+01   0.279700000E+01   0.521500000E+00
     0.159600000E+00   0.943900000E+01   0.200200000E+01   0.545600000E+00
     0.151700000E+00   0.550000000E+00   0.666500000E+04   0.100000000E+04
     0.228000000E+03   0.647100000E+02   0.210600000E+02   0.749500000E+01
     0.279700000E+01   0.521500000E+00   0.666500000E+04   0.100000000E+04
     0.228000000E+03   0.647100000E+02   0.210600000E+02   0.749500000E+01
     0.279700000E+01   0.521500000E+00   0.159600000E+00   0.943900000E+01
     0.200200000E+01   0.545600000E+00   0.151700000E+00   0.550000000E+00
     0.666500000E+04   0.100000000E+04   0.228000000E+03   0.647100000E+02
     0.210600000E+02   0.749500000E+01   0.279700000E+01   0.521500000E+00
     0.666500000E+04   0.100000000E+04   0.228000000E+03   0.647100000E+02
     0.210600000E+02   0.749500000E+01   0.279700000E+01   0.521500000E+00
     0.159600000E+00   0.943900000E+01   0.200200000E+01   0.545600000E+00
     0.151700000E+00   0.550000000E+00   0.666500000E+04   0.100000000E+04
     0.228000000E+03   0.647100000E+02   0.210600000E+02   0.749500000E+01
     0.279700000E+01   0.521500000E+00   0.666500000E+04   0.100000000E+04
     0.228000000E+03   0.647100000E+02   0.210600000E+02   0.749500000E+01
     0.279700000E+01   0.521500000E+00   0.159600000E+00   0.943900000E+01
     0.200200000E+01   0.545600000E+00   0.151700000E+00   0.550000000E+00
     0.666500000E+04   0.100000000E+04   0.228000000E+03   0.647100000E+02
     0.210600000E+02   0.749500000E+01   0.279700000E+01   0.521500000E+00
     0.666500000E+04   0.100000000E+04   0.228000000E+03   0.647100000E+02
     0.210600000E+02   0.749500000E+01   0.279700000E+01   0.521500000E+00
     0.159600000E+00   0.943900000E+01   0.200200000E+01   0.545600000E+00
     0.151700000E+00   0.550000000E+00   0.666500000E+04   0.100000000E+04
     0.228000000E+03   0.647100000E+02   0.210600000E+02   0.749500000E+01
     0.279700000E+01   0.521500000E+00   0.666500000E+04   0.100000000E+04
     0.228000000E+03   0.647100000E+02   0.210600000E+02   0.749500000E+01
     0.279700000E+01   0.521500000E+00   0.159600000E+00   0.943900000E+01
     0.200200000E+01   0.545600000E+00   0.151700000E+00   0.550000000E+00
     0.666500000E+04   0.100000000E+04   0.228000000E+03   0.647100000E+02
     0.210600000E+02   0.749500000E+01   0.279700000E+01   0.521500000E+00
     0.666500000E+04   0.100000000E+04   0.228000000E+03   0.647100000E+02
     0.210600000E+02   0.749500000E+01   0.279700000E+01   0.521500000E+00
     0.159600000E+00   0.943900000E+01   0.200200000E+01   0.545600000E+00
     0.151700000E+00   0.550000000E+00   0.666500000E+04   0.100000000E+04
     0.228000000E+03   0.647100000E+02   0.210600000E+02   0.749500000E+01
     0.279700000E+01   0.521500000E+00   0.666500000E+04   0.100000000E+04
     0.228000000E+03   0.647100000E+02   0.210600000E+02   0.749500000E+01
     0.279700000E+01   0.521500000E+00   0.159600000E+00   0.943900000E+01
     0.200200000E+01   0.545600000E+00   0.151700000E+00   0.550000000E+00
     0.666500000E+04   0.100000000E+04   0.228000000E+03   0.647100000E+02
     0.210600000E+02   0.749500000E+01   0.279700000E+01   0.521500000E+00
     0.666500000E+04   0.100000000E+04   0.228000000E+03   0.647100000E+02
     0.210600000E+02   0.749500000E+01   0.279700000E+01   0.521500000E+00
     0.159600000E+00   0.943900000E+01   0.200200000E+01   0.545600000E+00
     0.151700000E+00   0.550000000E+00   0.666500000E+04   0.100000000E+04
     0.228000000E+03   0.647100000E+02   0.210600000E+02   0.749500000E+01
     0.279700000E+01   0.521500000E+00   0.666500000E+04   0.100000000E+04
     0.228000000E+03   0.647100000E+02   0.210600000E+02   0.749500000E+01
     0.279700000E+01   0.521500000E+00   0.159600000E+00   0.943900000E+01
     0.200200000E+01   0.545600000E+00   0.151700000E+00   0.550000000E+00
     0.666500000E+04   0.100000000E+04   0.228000000E+03   0.647100000E+02
     0.210600000E+02   0.749500000E+01   0.279700000E+01   0.521500000E+00
     0.666500000E+04   0.100000000E+04   0.228000000E+03   0.647100000E+02
     0.210600000E+02   0.749500000E+01   0.279700000E+01   0.521500000E+00
     0.159600000E+00   0.943900000E+01   0.200200000E+01   0.545600000E+00
     0.151700000E+00   0.550000000E+00   0.130100000E+02   0.196200000E+01
     0.444600000E+00   0.122000000E+00   0.727000000E+00   0.130100000E+02
     0.196200000E+01   0.444600000E+00   0.122000000E+00   0.727000000E+00
     0.130100000E+02   0.196200000E+01   0.444600000E+00   0.122000000E+00
     0.727000000E+00   0.130100000E+02   0.196200000E+01   0.444600000E+00
     0.122000000E+00   0.727000000E+00   0.130100000E+02   0.196200000E+01
     0.444600000E+00   0.122000000E+00   0.727000000E+00   0.130100000E+02
     0.196200000E+01   0.444600000E+00   0.122000000E+00   0.727000000E+00
     0.130100000E+02   0.196200000E+01   0.444600000E+00   0.122000000E+00
     0.727000000E+00   0.130100000E+02   0.196200000E+01   0.444600000E+00
     0.122000000E+00   0.727000000E+00   0.130100000E+02   0.196200000E+01
     0.444600000E+00   0.122000000E+00   0.727000000E+00   0.130100000E+02
     0.196200000E+01   0.444600000E+00   0.122000000E+00   0.727000000E+00
     0.130100000E+02   0.196200000E+01   0.444600000E+00   0.122000000E+00
     0.727000000E+00   0.130100000E+02   0.196200000E+01   0.444600000E+00
     0.122000000E+00   0.727000000E+00   0.130100000E+02   0.196200000E+01
     0.444600000E+00   0.122000000E+00   0.727000000E+00   0.130100000E+02
     0.196200000E+01   0.444600000E+00   0.122000000E+00   0.727000000E+00
     0.130100000E+02   0.196200000E+01   0.444600000E+00   0.122000000E+00
     0.727000000E+00   0.130100000E+02   0.196200000E+01   0.444600000E+00
     0.122000000E+00   0.727000000E+00   0.130100000E+02   0.196200000E+01
     0.444600000E+00   0.122000000E+00   0.727000000E+00   0.130100000E+02
     0.196200000E+01   0.444600000E+00   0.122000000E+00   0.727000000E+00

     0.569701716E+00   0.105835210E+01   0.177628106E+01   0.259941189E+01
     0.302684600E+01   0.222239433E+01   0.647795431E+00   0.111186960E-01
    -0.252434263E+00  -0.480491091E+00  -0.786299661E+00  -0.125416990E+01
    -0.149121792E+01  -0.161083178E+01  -0.549798375E+00   0.788282208E+00
     0.290561924E+00   0.000000000E+00   0.000000000E+00   0.000000000E+00
     0.000000000E+00   0.000000000E+00   0.569701716E+00   0.105835210E+01
     0.177628106E+01   0.259941189E+01   0.302684600E+01   0.222239433E+01
     0.647795431E+00   0.111186960E-01  -0.252434263E+00  -0.480491091E+00
    -0.786299661E+00  -0.125416990E+01  -0.149121792E+01  -0.161083178E+01
    -0.549798375E+00   0.788282208E+00   0.290561924E+00   0.000000000E+00
     0.000000000E+00   0.000000000E+00   0.000000000E+00   0.000000000E+00
     0.363584300E+00   0.674985793E+00   0.113161994E+01   0.165300921E+01
     0.192382064E+01   0.144727832E+01   0.439163129E+00   0.664580367E-02
    -0.154179748E+00  -0.293785374E+00  -0.480895804E+00  -0.761434316E+00
    -0.900103892E+00  -0.972611352E+00  -0.394041946E+00   0.478394425E+00
     0.179963635E+00   0.000000000E+00   0.000000000E+00   0.000000000E+00
     0.000000000E+00   0.000000000E+00   0.363584300E+00   0.674985793E+00
     0.113161994E+01   0.165300921E+01   0.192382064E+01   0.144727832E+01
     0.439163129E+00   0.664580367E-02  -0.154179748E+00  -0.293785374E+00
    -0.480895804E+00  -0.761434316E+00  -0.900103892E+00  -0.972611352E+00
    -0.394041946E+00   0.478394425E+00   0.179963635E+00   0.000000000E+00
     0.000000000E+00   0.000000000E+00   0.000000000E+00   0.000000000E+00
     0.363584300E+00   0.674985793E+00   0.113161994E+01   0.165300921E+01
     0.192382064E+01   0.144727832E+01   0.439163129E+00   0.664580367E-02
    -0.154179748E+00  -0.293785374E+00  -0.480895804E+00  -0.761434316E+00
    -0.900103892E+00  -0.972611352E+00  -0.394041946E+00   0.478394425E+00
     0.179963635E+00   0.000000000E+00   0.000000000E+00   0.000000000E+00
     0.000000000E+00   0.000000000E+00   0.363584300E+00   0.674985793E+00
     0.113161994E+01   0.165300921E+01   0.192382064E+01   0.144727832E+01
     0.439163129E+00   0.664580367E-02  -0.154179748E+00  -0.293785374E+00
    -0.480895804E+00  -0.761434316E+00  -0.900103892E+00  -0.972611352E+00
    -0.394041946E+00   0.478394425E+00   0.179963635E+00   0.000000000E+00
     0.000000000E+00   0.000000000E+00   0.000000000E+00   0.000000000E+00
     0.363584300E+00   0.674985793E+00   0.113161994E+01   0.165300921E+01
     0.192382064E+01   0.144727832E+01   0.439163129E+00   0.664580367E-02
    -0.154179748E+00  -0.293785374E+00  -0.480895804E+00  -0.761434316E+00
    -0.900103892E+00  -0.972611352E+00  -0.394041946E+00   0.478394425E+00
     0.179963635E+00   0.000000000E+00   0.000000000E+00   0.000000000E+00
     0.000000000E+00   0.000000000E+00   0.363584300E+00   0.674985793E+00
     0.113161994E+01   0.165300921E+01   0.192382064E+01   0.144727832E+01
     0.439163129E+00   0.664580367E-02  -0.154179748E+00  -0.293785374E+00
    -0.480895804E+00  -0.761434316E+00  -0.900103892E+00  -0.972611352E+00
    -0.394041946E+00   0.478394425E+00   0.179963635E+00   0.000000000E+00
     0.000000000E+00   0.000000000E+00   0.000000000E+00   0.000000000E+00
     0.363584300E+00   0.674985793E+00   0.113161994E+01   0.165300921E+01
     0.192382064E+01   0.144727832E+01   0.439163129E+00   0.664580367E-02
    -0.154179748E+00  -0.293785374E+00  -0.480895804E+00  -0.761434316E+00
    -0.900103892E+00  -0.972611352E+00  -0.394041946E+00   0.478394425E+00
     0.179963635E+00   0.000000000E+00   0.000000000E+00   0.000000000E+00
     0.000000000E+00   0.000000000E+00   0.363584300E+00   0.674985793E+00
     0.113161994E+01   0.165300921E+01   0.192382064E+01   0.144727832E+01
     0.439163129E+00   0.664580367E-02  -0.154179748E+00  -0.293785374E+00
    -0.480895804E+00  -0.761434316E+00  -0.900103892E+00  -0.972611352E+00
    -0.394041946E+00   0.478394425E+00   0.179963635E+00   0.000000000E+00
     0.000000000E+00   0.000000000E+00   0.000000000E+00   0.000000000E+00
     0.363584300E+00   0.674985793E+00   0.113161994E+01   0.165300921E+01
     0.192382064E+01   0.144727832E+01   0.439163129E+00   0.664580367E-02
    -0.154179748E+00  -0.293785374E+00  -0.480895804E+00  -0.761434316E+00
    -0.900103892E+00  -0.972611352E+00  -0.394041946E+00   0.478394425E+00
     0.179963635E+00   0.000000000E+00   0.000000000E+00   0.000000000E+00
     0.000000000E+00   0.000000000E+00   0.363584300E+00   0.674985793E+00
     0.113161994E+01   0.165300921E+01   0.192382064E+01   0.144727832E+01
     0.439163129E+00   0.664580367E-02  -0.154179748E+00  -0.293785374E+00
    -0.480895804E+00  -0.761434316E+00  -0.900103892E+00  -0.972611352E+00
    -0.394041946E+00   0.478394425E+00   0.179963635E+00   0.000000000E+00
     0.000000000E+00   0.000000000E+00   0.000000000E+00   0.000000000E+00
     0.363584300E+00   0.674985793E+00   0.113161994E+01   0.165300921E+01
     0.192382064E+01   0.144727832E+01   0.439163129E+00   0.664580367E-02
    -0.154179748E+00  -0.293785374E+00  -0.480895804E+00  -0.761434316E+00
    -0.900103892E+00  -0.972611352E+00  -0.394041946E+00   0.478394425E+00
     0.179963635E+00   0.000000000E+00   0.000000000E+00   0.000000000E+00
     0.000000000E+00   0.000000000E+00   0.363584300E+00   0.674985793E+00
     0.113161994E+01   0.165300921E+01   0.192382064E+01   0.144727832E+01
     0.439163129E+00   0.664580367E-02  -0.154179748E+00  -0.293785374E+00
    -0.480895804E+00  -0.761434316E+00  -0.900103892E+00  -0.972611352E+00
    -0.394041946E+00   0.478394425E+00   0.179963635E+00   0.000000000E+00
     0.000000000E+00   0.000000000E+00   0.000000000E+00   0.000000000E+00
     0.363584300E+00   0.674985793E+00   0.113161994E+01   0.165300921E+01
     0.192382064E+01   0.144727832E+01   0.439163129E+00   0.664580367E-02
    -0.154179748E+00  -0.293785374E+00  -0.480895804E+00  -0.761434316E+00
    -0.900103892E+00  -0.972611352E+00  -0.394041946E+00   0.478394425E+00
     0.179963635E+00   0.000000000E+00   0.000000000E+00   0.000000000E+00
     0.000000000E+00   0.000000000E+00   0.163548423E+00   0.277417542E+00
     0.315749307E+00   0.147122794E+00   0.000000000E+00   0.163548423E+00
     0.277417542E+00   0.315749307E+00   0.147122794E+00   0.000000000E+00
     0.163548423E+00   0.277417542E+00   0.315749307E+00   0.147122794E+00
     0.000000000E+00   0.163548423E+00   0.277417542E+00   0.315749307E+00
     0.147122794E+00   0.000000000E+00   0.163548423E+00   0.277417542E+00
     0.315749307E+00   0.147122794E+00   0.000000000E+00   0.163548423E+00
     0.277417542E+00   0.315749307E+00   0.147122794E+00   0.000000000E+00
     0.163548423E+00   0.277417542E+00   0.315749307E+00   0.147122794E+00
     0.000000000E+00   0.163548423E+00   0.277417542E+00   0.315749307E+00
     0.147122794E+00   0.000000000E+00   0.163548423E+00   0.277417542E+00
     0.315749307E+00   0.147122794E+00   0.000000000E+00   0.163548423E+00
     0.277417542E+00   0.315749307E+00   0.147122794E+00   0.000000000E+00
     0.163548423E+00   0.277417542E+00   0.315749307E+00   0.147122794E+00
     0.000000000E+00   0.163548423E+00   0.277417542E+00   0.315749307E+00
     0.147122794E+00   0.000000000E+00   0.163548423E+00   0.277417542E+00
     0.315749307E+00   0.147122794E+00   0.000000000E+00   0.163548423E+00
     0.277417542E+00   0.315749307E+00   0.147122794E+00   0.000000000E+00
     0.163548423E+00   0.277417542E+00   0.315749307E+00   0.147122794E+00
     0.000000000E+00   0.163548423E+00   0.277417542E+00   0.315749307E+00
     0.147122794E+00   0.000000000E+00   0.163548423E+00   0.277417542E+00
     0.315749307E+00   0.147122794E+00   0.000000000E+00   0.163548423E+00
     0.277417542E+00   0.315749307E+00   0.147122794E+00   0.000000000E+00

     0.000000000E+00   0.000000000E+00   0.000000000E+00   0.000000000E+00
     0.000000000E+00   0.000000000E+00   0.000000000E+00   0.000000000E+00
     0.000000000E+00   0.000000000E+00   0.000000000E+00   0.000000000E+00
     0.000000000E+00   0.000000000E+00   0.000000000E+00   0.000000000E+00
     0.000000000E+00   0.324361935E+01   0.256727965E+01   0.111766932E+01
     0.284248284E+00   0.000000000E+00   0.000000000E+00   0.000000000E+00
     0.000000000E+00   0.000000000E+00   0.000000000E+00   0.000000000E+00
     0.000000000E+00   0.000000000E+00   0.000000000E+00   0.000000000E+00
     0.000000000E+00   0.000000000E+00   0.000000000E+00   0.000000000E+00
     0.000000000E+00   0.000000000E+00   0.000000000E+00   0.324361935E+01
     0.256727965E+01   0.111766932E+01   0.284248284E+00   0.000000000E+00
     0.000000000E+00   0.000000000E+00   0.000000000E+00   0.000000000E+00
     0.000000000E+00   0.000000000E+00   0.000000000E+00   0.000000000E+00
     0.000000000E+00   0.000000000E+00   0.000000000E+00   0.000000000E+00
     0.000000000E+00   0.000000000E+00   0.000000000E+00   0.000000000E+00
     0.000000000E+00   0.134373711E+01   0.106316809E+01   0.508231834E+00
     0.134949744E+00   0.000000000E+00   0.000000000E+00   0.000000000E+00
     0.000000000E+00   0.000000000E+00   0.000000000E+00   0.000000000E+00
     0.000000000E+00   0.000000000E+00   0.000000000E+00   0.000000000E+00
     0.000000000E+00   0.000000000E+00   0.000000000E+00   0.000000000E+00
     0.000000000E+00   0.000000000E+00   0.000000000E+00   0.134373711E+01
     0.106316809E+01   0.508231834E+00   0.134949744E+00   0.000000000E+00
     0.000000000E+00   0.000000000E+00   0.000000000E+00   0.000000000E+00
     0.000000000E+00   0.000000000E+00   0.000000000E+00   0.000000000E+00
     0.000000000E+00   0.000000000E+00   0.000000000E+00   0.000000000E+00
     0.000000000E+00   0.000000000E+00   0.000000000E+00   0.000000000E+00
     0.000000000E+00   0.134373711E+01   0.106316809E+01   0.508231834E+00
     0.134949744E+00   0.000000000E+00   0.000000000E+00   0.000000000E+00
     0.000000000E+00   0.000000000E+00   0.000000000E+00   0.000000000E+00
     0.000000000E+00   0.000000000E+00   0.000000000E+00   0.000000000E+00
     0.000000000E+00   0.000000000E+00   0.000000000E+00   0.000000000E+00
     0.000000000E+00   0.000000000E+00   0.000000000E+00   0.134373711E+01
     0.106316809E+01   0.508231834E+00   0.134949744E+00   0.000000000E+00
     0.000000000E+00   0.000000000E+00   0.000000000E+00   0.000000000E+00
     0.000000000E+00   0.000000000E+00   0.000000000E+00   0.000000000E+00
     0.000000000E+00   0.000000000E+00   0.000000000E+00   0.000000000E+00
     0.000000000E+00   0.000000000E+00   0.000000000E+00   0.000000000E+00
     0.000000000E+00   0.134373711E+01   0.106316809E+01   0.508231834E+00
     0.134949744E+00   0.000000000E+00   0.000000000E+00   0.000000000E+00
     0.000000000E+00   0.000000000E+00   0.000000000E+00   0.000000000E+00
     0.000000000E+00   0.000000000E+00   0.000000000E+00   0.000000000E+00
     0.000000000E+00   0.000000000E+00   0.000000000E+00   0.000000000E+00
     0.000000000E+00   0.000000000E+00   0.000000000E+00   0.134373711E+01
     0.106316809E+01   0.508231834E+00   0.134949744E+00   0.000000000E+00
     0.000000000E+00   0.000000000E+00   0.000000000E+00   0.000000000E+00
     0.000000000E+00   0.000000000E+00   0.000000000E+00   0.000000000E+00
     0.000000000E+00   0.000000000E+00   0.000000000E+00   0.000000000E+00
     0.000000000E+00   0.000000000E+00   0.000000000E+00   0.000000000E+00
     0.000000000E+00   0.134373711E+01   0.106316809E+01   0.508231834E+00
     0.134949744E+00   0.000000000E+00   0.000000000E+00   0.000000000E+00
     0.000000000E+00   0.000000000E+00   0.000000000E+00   0.000000000E+00
     0.000000000E+00   0.000000000E+00   0.000000000E+00   0.000000000E+00
     0.000000000E+00   0.000000000E+00   0.000000000E+00   0.000000000E+00
     0.000000000E+00   0.000000000E+00   0.000000000E+00   0.134373711E+01
     0.106316809E+01   0.508231834E+00   0.134949744E+00   0.000000000E+00
     0.000000000E+00   0.000000000E+00   0.000000000E+00   0.000000000E+00
     0.000000000E+00   0.000000000E+00   0.000000000E+00   0.000000000E+00
     0.000000000E+00   0.000000000E+00   0.000000000E+00   0.000000000E+00
     0.000000000E+00   0.000000000E+00   0.000000000E+00   0.000000000E+00
     0.000000000E+00   0.134373711E+01   0.106316809E+01   0.508231834E+00
     0.134949744E+00   0.000000000E+00   0.000000000E+00   0.000000000E+00
     0.000000000E+00   0.000000000E+00   0.000000000E+00   0.000000000E+00
     0.000000000E+00   0.000000000E+00   0.000000000E+00   0.000000000E+00
     0.000000000E+00   0.000000000E+00   0.000000000E+00   0.000000000E+00
     0.000000000E+00   0.000000000E+00   0.000000000E+00   0.134373711E+01
     0.106316809E+01   0.508231834E+00   0.134949744E+00   0.000000000E+00
     0.000000000E+00   0.000000000E+00   0.000000000E+00   0.000000000E+00
     0.000000000E+00   0.000000000E+00   0.000000000E+00   0.000000000E+00
     0.000000000E+00   0.000000000E+00   0.000000000E+00   0.000000000E+00
     0.000000000E+00   0.000000000E+00   0.000000000E+00   0.000000000E+00
     0.000000000E+00   0.134373711E+01   0.106316809E+01   0.508231834E+00
     0.134949744E+00   0.000000000E+00   0.000000000E+00   0.000000000E+00
     0.000000000E+00   0.000000000E+00   0.000000000E+00   0.000000000E+00
     0.000000000E+00   0.000000000E+00   0.000000000E+00   0.000000000E+00
     0.000000000E+00   0.000000000E+00   0.000000000E+00   0.000000000E+00
     0.000000000E+00   0.000000000E+00   0.000000000E+00   0.134373711E+01
     0.106316809E+01   0.508231834E+00   0.134949744E+00   0.000000000E+00
     0.000000000E+00   0.000000000E+00   0.000000000E+00   0.000000000E+00
     0.000000000E+00   0.000000000E+00   0.000000000E+00   0.000000000E+00
     0.000000000E+00   0.000000000E+00   0.000000000E+00   0.000000000E+00
     0.000000000E+00   0.000000000E+00   0.000000000E+00   0.000000000E+00
     0.000000000E+00   0.134373711E+01   0.106316809E+01   0.508231834E+00
     0.134949744E+00   0.000000000E+00   0.000000000E+00   0.000000000E+00
     0.000000000E+00   0.000000000E+00   0.956881375E+00   0.000000000E+00
     0.000000000E+00   0.000000000E+00   0.000000000E+00   0.956881375E+00
     0.000000000E+00   0.000000000E+00   0.000000000E+00   0.000000000E+00
     0.956881375E+00   0.000000000E+00   0.000000000E+00   0.000000000E+00
     0.000000000E+00   0.956881375E+00   0.000000000E+00   0.000000000E+00
     0.000000000E+00   0.000000000E+00   0.956881375E+00   0.000000000E+00
     0.000000000E+00   0.000000000E+00   0.000000000E+00   0.956881375E+00
     0.000000000E+00   0.000000000E+00   0.000000000E+00   0.000000000E+00
     0.956881375E+00   0.000000000E+00   0.000000000E+00   0.000000000E+00
     0.000000000E+00   0.956881375E+00   0.000000000E+00   0.000000000E+00
     0.000000000E+00   0.000000000E+00   0.956881375E+00   0.000000000E+00
     0.000000000E+00   0.000000000E+00   0.000000000E+00   0.956881375E+00
     0.000000000E+00   0.000000000E+00   0.000000000E+00   0.000000000E+00
     0.956881375E+00   0.000000000E+00   0.000000000E+00   0.000000000E+00
     0.000000000E+00   0.956881375E+00   0.000000000E+00   0.000000000E+00
     0.000000000E+00   0.000000000E+00   0.956881375E+00   0.000000000E+00
     0.000000000E+00   0.000000000E+00   0.000000000E+00   0.956881375E+00
     0.000000000E+00   0.000000000E+00   0.000000000E+00   0.000000000E+00
     0.956881375E+00   0.000000000E+00   0.000000000E+00   0.000000000E+00
     0.000000000E+00   0.956881375E+00   0.000000000E+00   0.000000000E+00
     0.000000000E+00   0.000000000E+00   0.956881375E+00   0.000000000E+00
     0.000000000E+00   0.000000000E+00   0.000000000E+00   0.956881375E+00

     0.000000000E+00   0.000000000E+00   0.000000000E+00   0.000000000E+00
     0.000000000E+00   0.000000000E+00   0.000000000E+00   0.000000000E+00
     0.000000000E+00   0.000000000E+00   0.000000000E+00   0.000000000E+00
     0.000000000E+00   0.000000000E+00   0.000000000E+00   0.000000000E+00
     0.000000000E+00   0.000000000E+00   0.000000000E+00   0.000000000E+00
     0.000000000E+00   0.221521850E+01   0.000000000E+00   0.000000000E+00
     0.000000000E+00   0.000000000E+00   0.000000000E+00   0.000000000E+00
     0.000000000E+00   0.000000000E+00   0.000000000E+00   0.000000000E+00
     0.000000000E+00   0.000000000E+00   0.000000000E+00   0.000000000E+00
     0.000000000E+00   0.000000000E+00   0.000000000E+00   0.000000000E+00
     0.000000000E+00   0.000000000E+00   0.000000000E+00   0.221521850E+01
     0.000000000E+00   0.000000000E+00   0.000000000E+00   0.000000000E+00
     0.000000000E+00   0.000000000E+00   0.000000000E+00   0.000000000E+00
     0.000000000E+00   0.000000000E+00   0.000000000E+00   0.000000000E+00
     0.000000000E+00   0.000000000E+00   0.000000000E+00   0.000000000E+00
     0.000000000E+00   0.000000000E+00   0.000000000E+00   0.000000000E+00
     0.000000000E+00   0.578154836E+00   0.000000000E+00   0.000000000E+00
     0.000000000E+00   0.000000000E+00   0.000000000E+00   0.000000000E+00
     0.000000000E+00   0.000000000E+00   0.000000000E+00   0.000000000E+00
     0.000000000E+00   0.000000000E+00   0.000000000E+00   0.000000000E+00
     0.000000000E+00   0.000000000E+00   0.000000000E+00   0.000000000E+00
     0.000000000E+00   0.000000000E+00   0.000000000E+00   0.578154836E+00
     0.000000000E+00   0.000000000E+00   0.000000000E+00   0.000000000E+00
     0.000000000E+00   0.000000000E+00   0.000000000E+00   0.000000000E+00
     0.000000000E+00   0.000000000E+00   0.000000000E+00   0.000000000E+00
     0.000000000E+00   0.000000000E+00   0.000000000E+00   0.000000000E+00
     0.000000000E+00   0.000000000E+00   0.000000000E+00   0.000000000E+00
     0.000000000E+00   0.578154836E+00   0.000000000E+00   0.000000000E+00
     0.000000000E+00   0.000000000E+00   0.000000000E+00   0.000000000E+00
     0.000000000E+00   0.000000000E+00   0.000000000E+00   0.000000000E+00
     0.000000000E+00   0.000000000E+00   0.000000000E+00   0.000000000E+00
     0.000000000E+00   0.000000000E+00   0.000000000E+00   0.000000000E+00
     0.000000000E+00   0.000000000E+00   0.000000000E+00   0.578154836E+00
     0.000000000E+00   0.000000000E+00   0.000000000E+00   0.000000000E+00
     0.000000000E+00   0.000000000E+00   0.000000000E+00   0.000000000E+00
     0.000000000E+00   0.000000000E+00   0.000000000E+00   0.000000000E+00
     0.000000000E+00   0.000000000E+00   0.000000000E+00   0.000000000E+00
     0.000000000E+00   0.000000000E+00   0.000000000E+00   0.000000000E+00
     0.000000000E+00   0.578154836E+00   0.000000000E+00   0.000000000E+00
     0.000000000E+00   0.000000000E+00   0.000000000E+00   0.000000000E+00
     0.000000000E+00   0.000000000E+00   0.000000000E+00   0.000000000E+00
     0.000000000E+00   0.000000000E+00   0.000000000E+00   0.000000000E+00
     0.000000000E+00   0.000000000E+00   0.000000000E+00   0.000000000E+00
     0.000000000E+00   0.000000000E+00   0.000000000E+00   0.578154836E+00
     0.000000000E+00   0.000000000E+00   0.000000000E+00   0.000000000E+00
     0.000000000E+00   0.000000000E+00   0.000000000E+00   0.000000000E+00
     0.000000000E+00   0.000000000E+00   0.000000000E+00   0.000000000E+00
     0.000000000E+00   0.000000000E+00   0.000000000E+00   0.000000000E+00
     0.000000000E+00   0.000000000E+00   0.000000000E+00   0.000000000E+00
     0.000000000E+00   0.578154836E+00   0.000000000E+00   0.000000000E+00
     0.000000000E+00   0.000000000E+00   0.000000000E+00   0.000000000E+00
     0.000000000E+00   0.000000000E+00   0.000000000E+00   0.000000000E+00
     0.000000000E+00   0.000000000E+00   0.000000000E+00   0.000000000E+00
     0.000000000E+00   0.000000000E+00   0.000000000E+00   0.000000000E+00
     0.000000000E+00   0.000000000E+00   0.000000000E+00   0.578154836E+00
     0.000000000E+00   0.000000000E+00   0.000000000E+00   0.000000000E+00
     0.000000000E+00   0.000000000E+00   0.000000000E+00   0.000000000E+00
     0.000000000E+00   0.000000000E+00   0.000000000E+00   0.000000000E+00
     0.000000000E+00   0.000000000E+00   0.000000000E+00   0.000000000E+00
     0.000000000E+00   0.000000000E+00   0.000000000E+00   0.000000000E+00
     0.000000000E+00   0.578154836E+00   0.000000000E+00   0.000000000E+00
     0.000000000E+00   0.000000000E+00   0.000000000E+00   0.000000000E+00
     0.000000000E+00   0.000000000E+00   0.000000000E+00   0.000000000E+00
     0.000000000E+00   0.000000000E+00   0.000000000E+00   0.000000000E+00
     0.000000000E+00   0.000000000E+00   0.000000000E+00   0.000000000E+00
     0.000000000E+00   0.000000000E+00   0.000000000E+00   0.578154836E+00
     0.000000000E+00   0.000000000E+00   0.000000000E+00   0.000000000E+00
     0.000000000E+00   0.000000000E+00   0.000000000E+00   0.000000000E+00
     0.000000000E+00   0.000000000E+00   0.000000000E+00   0.000000000E+00
     0.000000000E+00   0.000000000E+00   0.000000000E+00   0.000000000E+00
     0.000000000E+00   0.000000000E+00   0.000000000E+00   0.000000000E+00
     0.000000000E+00   0.578154836E+00   0.000000000E+00   0.000000000E+00
     0.000000000E+00   0.000000000E+00   0.000000000E+00   0.000000000E+00
     0.000000000E+00   0.000000000E+00   0.000000000E+00   0.000000000E+00
     0.000000000E+00   0.000000000E+00   0.000000000E+00   0.000000000E+00
     0.000000000E+00   0.000000000E+00   0.000000000E+00   0.000000000E+00
     0.000000000E+00   0.000000000E+00   0.000000000E+00   0.578154836E+00
     0.000000000E+00   0.000000000E+00   0.000000000E+00   0.000000000E+00
     0.000000000E+00   0.000000000E+00   0.000000000E+00   0.000000000E+00
     0.000000000E+00   0.000000000E+00   0.000000000E+00   0.000000000E+00
     0.000000000E+00   0.000000000E+00   0.000000000E+00   0.000000000E+00
     0.000000000E+00   0.000000000E+00   0.000000000E+00   0.000000000E+00
     0.000000000E+00   0.578154836E+00   0.000000000E+00   0.000000000E+00
     0.000000000E+00   0.000000000E+00   0.000000000E+00   0.000000000E+00
     0.000000000E+00   0.000000000E+00   0.000000000E+00   0.000000000E+00
     0.000000000E+00   0.000000000E+00   0.000000000E+00   0.000000000E+00
     0.000000000E+00   0.000000000E+00   0.000000000E+00   0.000000000E+00
     0.000000000E+00   0.000000000E+00   0.000000000E+00   0.000000000E+00
     0.000000000E+00   0.000000000E+00   0.000000000E+00   0.000000000E+00
     0.000000000E+00   0.000000000E+00   0.000000000E+00   0.000000000E+00
     0.000000000E+00   0.000000000E+00   0.000000000E+00   0.000000000E+00
     0.000000000E+00   0.000000000E+00   0.000000000E+00   0.000000000E+00
     0.000000000E+00   0.000000000E+00   0.000000000E+00   0.000000000E+00
     0.000000000E+00   0.000000000E+00   0.000000000E+00   0.000000000E+00
     0.000000000E+00   0.000000000E+00   0.000000000E+00   0.000000000E+00
     0.000000000E+00   0.000000000E+00   0.000000000E+00   0.000000000E+00
     0.000000000E+00   0.000000000E+00   0.000000000E+00   0.000000000E+00
     0.000000000E+00   0.000000000E+00   0.000000000E+00   0.000000000E+00
     0.000000000E+00   0.000000000E+00   0.000000000E+00   0.000000000E+00
     0.000000000E+00   0.000000000E+00   0.000000000E+00   0.000000000E+00
     0.000000000E+00   0.000000000E+00   0.000000000E+00   0.000000000E+00
     0.000000000E+00   0.000000000E+00   0.000000000E+00   0.000000000E+00
     0.000000000E+00   0.000000000E+00   0.000000000E+00   0.000000000E+00
     0.000000000E+00   0.000000000E+00   0.000000000E+00   0.000000000E+00
     0.000000000E+00   0.000000000E+00   0.000000000E+00   0.000000000E+00

     0.000000000E+00   0.000000000E+00   0.000000000E+00   0.000000000E+00
     0.000000000E+00   0.000000000E+00   0.000000000E+00   0.000000000E+00
     0.000000000E+00   0.000000000E+00   0.000000000E+00   0.000000000E+00
     0.000000000E+00   0.000000000E+00   0.000000000E+00   0.000000000E+00
     0.000000000E+00   0.000000000E+00   0.000000000E+00   0.000000000E+00
     0.000000000E+00   0.000000000E+00   0.000000000E+00   0.000000000E+00
     0.000000000E+00   0.000000000E+00   0.000000000E+00   0.000000000E+00
     0.000000000E+00   0.000000000E+00   0.000000000E+00   0.000000000E+00
     0.000000000E+00   0.000000000E+00   0.000000000E+00   0.000000000E+00
     0.000000000E+00   0.000000000E+00   0.000000000E+00   0.000000000E+00
     0.000000000E+00   0.000000000E+00   0.000000000E+00   0.000000000E+00
     0.000000000E+00   0.000000000E+00   0.000000000E+00   0.000000000E+00
     0.000000000E+00   0.000000000E+00   0.000000000E+00   0.000000000E+00
     0.000000000E+00   0.000000000E+00   0.000000000E+00   0.000000000E+00
     0.000000000E+00   0.000000000E+00   0.000000000E+00   0.000000000E+00
     0.000000000E+00   0.000000000E+00   0.000000000E+00   0.000000000E+00
     0.000000000E+00   0.000000000E+00   0.000000000E+00   0.000000000E+00
     0.000000000E+00   0.000000000E+00   0.000000000E+00   0.000000000E+00
     0.000000000E+00   0.000000000E+00   0.000000000E+00   0.000000000E+00
     0.000000000E+00   0.000000000E+00   0.000000000E+00   0.000000000E+00
     0.000000000E+00   0.000000000E+00   0.000000000E+00   0.000000000E+00
     0.000000000E+00   0.000000000E+00   0.000000000E+00   0.000000000E+00
     0.000000000E+00   0.000000000E+00   0.000000000E+00   0.000000000E+00
     0.000000000E+00   0.000000000E+00   0.000000000E+00   0.000000000E+00
     0.000000000E+00   0.000000000E+00   0.000000000E+00   0.000000000E+00
     0.000000000E+00   0.000000000E+00   0.000000000E+00   0.000000000E+00
     0.000000000E+00   0.000000000E+00   0.000000000E+00   0.000000000E+00
     0.000000000E+00   0.000000000E+00   0.000000000E+00   0.000000000E+00
     0.000000000E+00   0.000000000E+00   0.000000000E+00   0.000000000E+00
     0.000000000E+00   0.000000000E+00   0.000000000E+00   0.000000000E+00
     0.000000000E+00   0.000000000E+00   0.000000000E+00   0.000000000E+00
     0.000000000E+00   0.000000000E+00   0.000000000E+00   0.000000000E+00
     0.000000000E+00   0.000000000E+00   0.000000000E+00   0.000000000E+00
     0.000000000E+00   0.000000000E+00   0.000000000E+00   0.000000000E+00
     0.000000000E+00   0.000000000E+00   0.000000000E+00   0.000000000E+00
     0.000000000E+00   0.000000000E+00   0.000000000E+00   0.000000000E+00
     0.000000000E+00   0.000000000E+00   0.000000000E+00   0.000000000E+00
     0.000000000E+00   0.000000000E+00   0.000000000E+00   0.000000000E+00
     0.000000000E+00   0.000000000E+00   0.000000000E+00   0.000000000E+00
     0.000000000E+00   0.000000000E+00   0.000000000E+00   0.000000000E+00
     0.000000000E+00   0.000000000E+00   0.000000000E+00   0.000000000E+00
     0.000000000E+00   0.000000000E+00   0.000000000E+00   0.000000000E+00
     0.000000000E+00   0.000000000E+00   0.000000000E+00   0.000000000E+00
     0.000000000E+00   0.000000000E+00   0.000000000E+00   0.000000000E+00
     0.000000000E+00   0.000000000E+00   0.000000000E+00   0.000000000E+00
     0.000000000E+00   0.000000000E+00   0.000000000E+00   0.000000000E+00
     0.000000000E+00   0.000000000E+00   0.000000000E+00   0.000000000E+00
     0.000000000E+00   0.000000000E+00   0.000000000E+00   0.000000000E+00
     0.000000000E+00   0.000000000E+00   0.000000000E+00   0.000000000E+00
     0.000000000E+00   0.000000000E+00   0.000000000E+00   0.000000000E+00
     0.000000000E+00   0.000000000E+00   0.000000000E+00   0.000000000E+00
     0.000000000E+00   0.000000000E+00   0.000000000E+00   0.000000000E+00
     0.000000000E+00   0.000000000E+00   0.000000000E+00   0.000000000E+00
     0.000000000E+00   0.000000000E+00   0.000000000E+00   0.000000000E+00
     0.000000000E+00   0.000000000E+00   0.000000000E+00   0.000000000E+00
     0.000000000E+00   0.000000000E+00   0.000000000E+00   0.000000000E+00
     0.000000000E+00   0.000000000E+00   0.000000000E+00   0.000000000E+00
     0.000000000E+00   0.000000000E+00   0.000000000E+00   0.000000000E+00
     0.000000000E+00   0.000000000E+00   0.000000000E+00   0.000000000E+00
     0.000000000E+00   0.000000000E+00   0.000000000E+00   0.000000000E+00
     0.000000000E+00   0.000000000E+00   0.000000000E+00   0.000000000E+00
     0.000000000E+00   0.000000000E+00   0.000000000E+00   0.000000000E+00
     0.000000000E+00   0.000000000E+00   0.000000000E+00   0.000000000E+00
     0.000000000E+00   0.000000000E+00   0.000000000E+00   0.000000000E+00
     0.000000000E+00   0.000000000E+00   0.000000000E+00   0.000000000E+00
     0.000000000E+00   0.000000000E+00   0.000000000E+00   0.000000000E+00
     0.000000000E+00   0.000000000E+00   0.000000000E+00   0.000000000E+00
     0.000000000E+00   0.000000000E+00   0.000000000E+00   0.000000000E+00
     0.000000000E+00   0.000000000E+00   0.000000000E+00   0.000000000E+00
     0.000000000E+00   0.000000000E+00   0.000000000E+00   0.000000000E+00
     0.000000000E+00   0.000000000E+00   0.000000000E+00   0.000000000E+00
     0.000000000E+00   0.000000000E+00   0.000000000E+00   0.000000000E+00
     0.000000000E+00   0.000000000E+00   0.000000000E+00   0.000000000E+00
     0.000000000E+00   0.000000000E+00   0.000000000E+00   0.000000000E+00
     0.000000000E+00   0.000000000E+00   0.000000000E+00   0.000000000E+00
     0.000000000E+00   0.000000000E+00   0.000000000E+00   0.000000000E+00
     0.000000000E+00   0.000000000E+00   0.000000000E+00   0.000000000E+00
     0.000000000E+00   0.000000000E+00   0.000000000E+00   0.000000000E+00
     0.000000000E+00   0.000000000E+00   0.000000000E+00   0.000000000E+00
     0.000000000E+00   0.000000000E+00   0.000000000E+00   0.000000000E+00
     0.000000000E+00   0.000000000E+00   0.000000000E+00   0.000000000E+00
     0.000000000E+00   0.000000000E+00   0.000000000E+00   0.000000000E+00
     0.000000000E+00   0.000000000E+00   0.000000000E+00   0.000000000E+00
     0.000000000E+00   0.000000000E+00   0.000000000E+00   0.000000000E+00
     0.000000000E+00   0.000000000E+00   0.000000000E+00   0.000000000E+00
     0.000000000E+00   0.000000000E+00   0.000000000E+00   0.000000000E+00
     0.000000000E+00   0.000000000E+00   0.000000000E+00   0.000000000E+00
     0.000000000E+00   0.000000000E+00   0.000000000E+00   0.000000000E+00
     0.000000000E+00   0.000000000E+00   0.000000000E+00   0.000000000E+00
     0.000000000E+00   0.000000000E+00   0.000000000E+00   0.000000000E+00
     0.000000000E+00   0.000000000E+00   0.000000000E+00   0.000000000E+00
     0.000000000E+00   0.000000000E+00   0.000000000E+00   0.000000000E+00
     0.000000000E+00   0.000000000E+00   0.000000000E+00   0.000000000E+00
     0.000000000E+00   0.000000000E+00   0.000000000E+00   0.000000000E+00
     0.000000000E+00   0.000000000E+00   0.000000000E+00   0.000000000E+00
     0.000000000E+00   0.000000000E+00   0.000000000E+00   0.000000000E+00
     0.000000000E+00   0.000000000E+00   0.000000000E+00   0.000000000E+00
     0.000000000E+00   0.000000000E+00   0.000000000E+00   0.000000000E+00
     0.000000000E+00   0.000000000E+00   0.000000000E+00   0.000000000E+00
     0.000000000E+00   0.000000000E+00   0.000000000E+00   0.000000000E+00
     0.000000000E+00   0.000000000E+00   0.000000000E+00   0.000000000E+00
     0.000000000E+00   0.000000000E+00   0.000000000E+00   0.000000000E+00
     0.000000000E+00   0.000000000E+00   0.000000000E+00   0.000000000E+00
     0.000000000E+00   0.000000000E+00   0.000000000E+00   0.000000000E+00
     0.000000000E+00   0.000000000E+00   0.000000000E+00   0.000000000E+00
