 Title Card Required                                                            
 Basis set information needed for plotting orbitals
 ---------------------------------------------------------------------------
     33    96   237
 ---------------------------------------------------------------------------
    8  -0.341097178  -2.277576461  -0.421341112
    8   1.525729522   3.778857444   0.334713929
    6  -2.733799123  -0.656807367  -0.248343381
    6   2.283809693  -1.441437884  -0.268862506
    6  -1.324069931  -0.073245428  -0.187285725
    6   1.128645006  -0.450385104  -0.187765730
    6  -0.201361888  -0.925956779  -0.265180762
    6  -1.081784281   1.289760164  -0.017081079
    6   1.310622421   0.916113760  -0.016623436
    6   0.219488257   1.793565941   0.071122158
    6  -3.805828334   0.351900429  -0.684850512
    6  -3.122586240  -1.311100400   1.096234350
    6   2.481320688  -2.160645054   1.082293355
    6   3.599389753  -0.810615089  -0.745689470
    6   0.436503993   3.239225103   0.248155259
    1  -2.738958633  -1.444981017  -1.021294485
    1   1.994374318  -2.204284153  -1.001446438
    1  -1.915087114   1.983841855   0.045308832
    1   2.304945080   1.344063100   0.046180803
    1  -3.958576892   1.128134874   0.072202210
    1  -4.764376129  -0.157202364  -0.823626605
    1  -3.540083965   0.841214319  -1.626427958
    1  -2.393587206  -2.064304197   1.411445430
    1  -4.103621878  -1.793193299   1.027848758
    1  -3.170011624  -0.552669343   1.884163059
    1   2.767477762  -1.446486155   1.862366926
    1   3.274435271  -2.912371324   1.004816831
    1   1.565487858  -2.665888161   1.399419824
    1   3.473196008  -0.276098654  -1.692403523
    1   4.352728200  -1.590568187  -0.895136009
    1   4.005171213  -0.106113900  -0.011706739
    1  -1.272947377  -2.496687836  -0.547127576
    1  -0.499723713   3.841112846   0.301699002
 ---------------------------------------------------------------------------
      1     1     1     6
      1
      1     4     7     3
      1   101   102   103
      1     4    10     1
      1   101   102   103
      1     6    11     1
    201   204   206   202   203   205
      2     1    12     6
      1
      2     4    18     3
      1   101   102   103
      2     4    21     1
      1   101   102   103
      2     6    22     1
    201   204   206   202   203   205
      3     1    23     6
      1
      3     4    29     3
      1   101   102   103
      3     4    32     1
      1   101   102   103
      3     6    33     1
    201   204   206   202   203   205
      4     1    34     6
      1
      4     4    40     3
      1   101   102   103
      4     4    43     1
      1   101   102   103
      4     6    44     1
    201   204   206   202   203   205
      5     1    45     6
      1
      5     4    51     3
      1   101   102   103
      5     4    54     1
      1   101   102   103
      5     6    55     1
    201   204   206   202   203   205
      6     1    56     6
      1
      6     4    62     3
      1   101   102   103
      6     4    65     1
      1   101   102   103
      6     6    66     1
    201   204   206   202   203   205
      7     1    67     6
      1
      7     4    73     3
      1   101   102   103
      7     4    76     1
      1   101   102   103
      7     6    77     1
    201   204   206   202   203   205
      8     1    78     6
      1
      8     4    84     3
      1   101   102   103
      8     4    87     1
      1   101   102   103
      8     6    88     1
    201   204   206   202   203   205
      9     1    89     6
      1
      9     4    95     3
      1   101   102   103
      9     4    98     1
      1   101   102   103
      9     6    99     1
    201   204   206   202   203   205
     10     1   100     6
      1
     10     4   106     3
      1   101   102   103
     10     4   109     1
      1   101   102   103
     10     6   110     1
    201   204   206   202   203   205
     11     1   111     6
      1
     11     4   117     3
      1   101   102   103
     11     4   120     1
      1   101   102   103
     11     6   121     1
    201   204   206   202   203   205
     12     1   122     6
      1
     12     4   128     3
      1   101   102   103
     12     4   131     1
      1   101   102   103
     12     6   132     1
    201   204   206   202   203   205
     13     1   133     6
      1
     13     4   139     3
      1   101   102   103
     13     4   142     1
      1   101   102   103
     13     6   143     1
    201   204   206   202   203   205
     14     1   144     6
      1
     14     4   150     3
      1   101   102   103
     14     4   153     1
      1   101   102   103
     14     6   154     1
    201   204   206   202   203   205
     15     1   155     6
      1
     15     4   161     3
      1   101   102   103
     15     4   164     1
      1   101   102   103
     15     6   165     1
    201   204   206   202   203   205
     16     1   166     3
      1
     16     1   169     1
      1
     17     1   170     3
      1
     17     1   173     1
      1
     18     1   174     3
      1
     18     1   177     1
      1
     19     1   178     3
      1
     19     1   181     1
      1
     20     1   182     3
      1
     20     1   185     1
      1
     21     1   186     3
      1
     21     1   189     1
      1
     22     1   190     3
      1
     22     1   193     1
      1
     23     1   194     3
      1
     23     1   197     1
      1
     24     1   198     3
      1
     24     1   201     1
      1
     25     1   202     3
      1
     25     1   205     1
      1
     26     1   206     3
      1
     26     1   209     1
      1
     27     1   210     3
      1
     27     1   213     1
      1
     28     1   214     3
      1
     28     1   217     1
      1
     29     1   218     3
      1
     29     1   221     1
      1
     30     1   222     3
      1
     30     1   225     1
      1
     31     1   226     3
      1
     31     1   229     1
      1
     32     1   230     3
      1
     32     1   233     1
      1
     33     1   234     3
      1
     33     1   237     1
      1
 ---------------------------------------------------------------------------
     0.548467166E+04   0.825234946E+03   0.188046958E+03   0.529645000E+02
     0.168975704E+02   0.579963534E+01   0.155396162E+02   0.359993359E+01
     0.101376175E+01   0.270005823E+00   0.800000000E+00   0.548467166E+04
     0.825234946E+03   0.188046958E+03   0.529645000E+02   0.168975704E+02
     0.579963534E+01   0.155396162E+02   0.359993359E+01   0.101376175E+01
     0.270005823E+00   0.800000000E+00   0.304752488E+04   0.457369518E+03
     0.103948685E+03   0.292101553E+02   0.928666296E+01   0.316392696E+01
     0.786827235E+01   0.188128854E+01   0.544249258E+00   0.168714478E+00
     0.800000000E+00   0.304752488E+04   0.457369518E+03   0.103948685E+03
     0.292101553E+02   0.928666296E+01   0.316392696E+01   0.786827235E+01
     0.188128854E+01   0.544249258E+00   0.168714478E+00   0.800000000E+00
     0.304752488E+04   0.457369518E+03   0.103948685E+03   0.292101553E+02
     0.928666296E+01   0.316392696E+01   0.786827235E+01   0.188128854E+01
     0.544249258E+00   0.168714478E+00   0.800000000E+00   0.304752488E+04
     0.457369518E+03   0.103948685E+03   0.292101553E+02   0.928666296E+01
     0.316392696E+01   0.786827235E+01   0.188128854E+01   0.544249258E+00
     0.168714478E+00   0.800000000E+00   0.304752488E+04   0.457369518E+03
     0.103948685E+03   0.292101553E+02   0.928666296E+01   0.316392696E+01
     0.786827235E+01   0.188128854E+01   0.544249258E+00   0.168714478E+00
     0.800000000E+00   0.304752488E+04   0.457369518E+03   0.103948685E+03
     0.292101553E+02   0.928666296E+01   0.316392696E+01   0.786827235E+01
     0.188128854E+01   0.544249258E+00   0.168714478E+00   0.800000000E+00
     0.304752488E+04   0.457369518E+03   0.103948685E+03   0.292101553E+02
     0.928666296E+01   0.316392696E+01   0.786827235E+01   0.188128854E+01
     0.544249258E+00   0.168714478E+00   0.800000000E+00   0.304752488E+04
     0.457369518E+03   0.103948685E+03   0.292101553E+02   0.928666296E+01
     0.316392696E+01   0.786827235E+01   0.188128854E+01   0.544249258E+00
     0.168714478E+00   0.800000000E+00   0.304752488E+04   0.457369518E+03
     0.103948685E+03   0.292101553E+02   0.928666296E+01   0.316392696E+01
     0.786827235E+01   0.188128854E+01   0.544249258E+00   0.168714478E+00
     0.800000000E+00   0.304752488E+04   0.457369518E+03   0.103948685E+03
     0.292101553E+02   0.928666296E+01   0.316392696E+01   0.786827235E+01
     0.188128854E+01   0.544249258E+00   0.168714478E+00   0.800000000E+00
     0.304752488E+04   0.457369518E+03   0.103948685E+03   0.292101553E+02
     0.928666296E+01   0.316392696E+01   0.786827235E+01   0.188128854E+01
     0.544249258E+00   0.168714478E+00   0.800000000E+00   0.304752488E+04
     0.457369518E+03   0.103948685E+03   0.292101553E+02   0.928666296E+01
     0.316392696E+01   0.786827235E+01   0.188128854E+01   0.544249258E+00
     0.168714478E+00   0.800000000E+00   0.304752488E+04   0.457369518E+03
     0.103948685E+03   0.292101553E+02   0.928666296E+01   0.316392696E+01
     0.786827235E+01   0.188128854E+01   0.544249258E+00   0.168714478E+00
     0.800000000E+00   0.187311370E+02   0.282539436E+01   0.640121692E+00
     0.161277759E+00   0.187311370E+02   0.282539436E+01   0.640121692E+00
     0.161277759E+00   0.187311370E+02   0.282539436E+01   0.640121692E+00
     0.161277759E+00   0.187311370E+02   0.282539436E+01   0.640121692E+00
     0.161277759E+00   0.187311370E+02   0.282539436E+01   0.640121692E+00
     0.161277759E+00   0.187311370E+02   0.282539436E+01   0.640121692E+00
     0.161277759E+00   0.187311370E+02   0.282539436E+01   0.640121692E+00
     0.161277759E+00   0.187311370E+02   0.282539436E+01   0.640121692E+00
     0.161277759E+00   0.187311370E+02   0.282539436E+01   0.640121692E+00
     0.161277759E+00   0.187311370E+02   0.282539436E+01   0.640121692E+00
     0.161277759E+00   0.187311370E+02   0.282539436E+01   0.640121692E+00
     0.161277759E+00   0.187311370E+02   0.282539436E+01   0.640121692E+00
     0.161277759E+00   0.187311370E+02   0.282539436E+01   0.640121692E+00
     0.161277759E+00   0.187311370E+02   0.282539436E+01   0.640121692E+00
     0.161277759E+00   0.187311370E+02   0.282539436E+01   0.640121692E+00
     0.161277759E+00   0.187311370E+02   0.282539436E+01   0.640121692E+00
     0.161277759E+00   0.187311370E+02   0.282539436E+01   0.640121692E+00
     0.161277759E+00   0.187311370E+02   0.282539436E+01   0.640121692E+00
     0.161277759E+00

     0.831723678E+00   0.153081556E+01   0.247714854E+01   0.325628110E+01
     0.279289337E+01   0.954937677E+00  -0.617933960E+00  -0.275720929E+00
     0.814207596E+00   0.266956156E+00   0.000000000E+00   0.831723678E+00
     0.153081556E+01   0.247714854E+01   0.325628110E+01   0.279289337E+01
     0.954937677E+00  -0.617933960E+00  -0.275720929E+00   0.814207596E+00
     0.266956156E+00   0.000000000E+00   0.536345187E+00   0.989452141E+00
     0.159728255E+01   0.207918728E+01   0.177417427E+01   0.612579741E+00
    -0.399556387E+00  -0.184155174E+00   0.516390329E+00   0.187617937E+00
     0.000000000E+00   0.536345187E+00   0.989452141E+00   0.159728255E+01
     0.207918728E+01   0.177417427E+01   0.612579741E+00  -0.399556387E+00
    -0.184155174E+00   0.516390329E+00   0.187617937E+00   0.000000000E+00
     0.536345187E+00   0.989452141E+00   0.159728255E+01   0.207918728E+01
     0.177417427E+01   0.612579741E+00  -0.399556387E+00  -0.184155174E+00
     0.516390329E+00   0.187617937E+00   0.000000000E+00   0.536345187E+00
     0.989452141E+00   0.159728255E+01   0.207918728E+01   0.177417427E+01
     0.612579741E+00  -0.399556387E+00  -0.184155174E+00   0.516390329E+00
     0.187617937E+00   0.000000000E+00   0.536345187E+00   0.989452141E+00
     0.159728255E+01   0.207918728E+01   0.177417427E+01   0.612579741E+00
    -0.399556387E+00  -0.184155174E+00   0.516390329E+00   0.187617937E+00
     0.000000000E+00   0.536345187E+00   0.989452141E+00   0.159728255E+01
     0.207918728E+01   0.177417427E+01   0.612579741E+00  -0.399556387E+00
    -0.184155174E+00   0.516390329E+00   0.187617937E+00   0.000000000E+00
     0.536345187E+00   0.989452141E+00   0.159728255E+01   0.207918728E+01
     0.177417427E+01   0.612579741E+00  -0.399556387E+00  -0.184155174E+00
     0.516390329E+00   0.187617937E+00   0.000000000E+00   0.536345187E+00
     0.989452141E+00   0.159728255E+01   0.207918728E+01   0.177417427E+01
     0.612579741E+00  -0.399556387E+00  -0.184155174E+00   0.516390329E+00
     0.187617937E+00   0.000000000E+00   0.536345187E+00   0.989452141E+00
     0.159728255E+01   0.207918728E+01   0.177417427E+01   0.612579741E+00
    -0.399556387E+00  -0.184155174E+00   0.516390329E+00   0.187617937E+00
     0.000000000E+00   0.536345187E+00   0.989452141E+00   0.159728255E+01
     0.207918728E+01   0.177417427E+01   0.612579741E+00  -0.399556387E+00
    -0.184155174E+00   0.516390329E+00   0.187617937E+00   0.000000000E+00
     0.536345187E+00   0.989452141E+00   0.159728255E+01   0.207918728E+01
     0.177417427E+01   0.612579741E+00  -0.399556387E+00  -0.184155174E+00
     0.516390329E+00   0.187617937E+00   0.000000000E+00   0.536345187E+00
     0.989452141E+00   0.159728255E+01   0.207918728E+01   0.177417427E+01
     0.612579741E+00  -0.399556387E+00  -0.184155174E+00   0.516390329E+00
     0.187617937E+00   0.000000000E+00   0.536345187E+00   0.989452141E+00
     0.159728255E+01   0.207918728E+01   0.177417427E+01   0.612579741E+00
    -0.399556387E+00  -0.184155174E+00   0.516390329E+00   0.187617937E+00
     0.000000000E+00   0.214935449E+00   0.364571202E+00   0.415051428E+00
     0.181380649E+00   0.214935449E+00   0.364571202E+00   0.415051428E+00
     0.181380649E+00   0.214935449E+00   0.364571202E+00   0.415051428E+00
     0.181380649E+00   0.214935449E+00   0.364571202E+00   0.415051428E+00
     0.181380649E+00   0.214935449E+00   0.364571202E+00   0.415051428E+00
     0.181380649E+00   0.214935449E+00   0.364571202E+00   0.415051428E+00
     0.181380649E+00   0.214935449E+00   0.364571202E+00   0.415051428E+00
     0.181380649E+00   0.214935449E+00   0.364571202E+00   0.415051428E+00
     0.181380649E+00   0.214935449E+00   0.364571202E+00   0.415051428E+00
     0.181380649E+00   0.214935449E+00   0.364571202E+00   0.415051428E+00
     0.181380649E+00   0.214935449E+00   0.364571202E+00   0.415051428E+00
     0.181380649E+00   0.214935449E+00   0.364571202E+00   0.415051428E+00
     0.181380649E+00   0.214935449E+00   0.364571202E+00   0.415051428E+00
     0.181380649E+00   0.214935449E+00   0.364571202E+00   0.415051428E+00
     0.181380649E+00   0.214935449E+00   0.364571202E+00   0.415051428E+00
     0.181380649E+00   0.214935449E+00   0.364571202E+00   0.415051428E+00
     0.181380649E+00   0.214935449E+00   0.364571202E+00   0.415051428E+00
     0.181380649E+00   0.214935449E+00   0.364571202E+00   0.415051428E+00
     0.181380649E+00

     0.000000000E+00   0.000000000E+00   0.000000000E+00   0.000000000E+00
     0.000000000E+00   0.000000000E+00   0.311694427E+01   0.240143753E+01
     0.105436042E+01   0.277431966E+00   0.000000000E+00   0.000000000E+00
     0.000000000E+00   0.000000000E+00   0.000000000E+00   0.000000000E+00
     0.000000000E+00   0.311694427E+01   0.240143753E+01   0.105436042E+01
     0.277431966E+00   0.000000000E+00   0.000000000E+00   0.000000000E+00
     0.000000000E+00   0.000000000E+00   0.000000000E+00   0.000000000E+00
     0.129608216E+01   0.993753596E+00   0.495952692E+00   0.154127640E+00
     0.000000000E+00   0.000000000E+00   0.000000000E+00   0.000000000E+00
     0.000000000E+00   0.000000000E+00   0.000000000E+00   0.129608216E+01
     0.993753596E+00   0.495952692E+00   0.154127640E+00   0.000000000E+00
     0.000000000E+00   0.000000000E+00   0.000000000E+00   0.000000000E+00
     0.000000000E+00   0.000000000E+00   0.129608216E+01   0.993753596E+00
     0.495952692E+00   0.154127640E+00   0.000000000E+00   0.000000000E+00
     0.000000000E+00   0.000000000E+00   0.000000000E+00   0.000000000E+00
     0.000000000E+00   0.129608216E+01   0.993753596E+00   0.495952692E+00
     0.154127640E+00   0.000000000E+00   0.000000000E+00   0.000000000E+00
     0.000000000E+00   0.000000000E+00   0.000000000E+00   0.000000000E+00
     0.129608216E+01   0.993753596E+00   0.495952692E+00   0.154127640E+00
     0.000000000E+00   0.000000000E+00   0.000000000E+00   0.000000000E+00
     0.000000000E+00   0.000000000E+00   0.000000000E+00   0.129608216E+01
     0.993753596E+00   0.495952692E+00   0.154127640E+00   0.000000000E+00
     0.000000000E+00   0.000000000E+00   0.000000000E+00   0.000000000E+00
     0.000000000E+00   0.000000000E+00   0.129608216E+01   0.993753596E+00
     0.495952692E+00   0.154127640E+00   0.000000000E+00   0.000000000E+00
     0.000000000E+00   0.000000000E+00   0.000000000E+00   0.000000000E+00
     0.000000000E+00   0.129608216E+01   0.993753596E+00   0.495952692E+00
     0.154127640E+00   0.000000000E+00   0.000000000E+00   0.000000000E+00
     0.000000000E+00   0.000000000E+00   0.000000000E+00   0.000000000E+00
     0.129608216E+01   0.993753596E+00   0.495952692E+00   0.154127640E+00
     0.000000000E+00   0.000000000E+00   0.000000000E+00   0.000000000E+00
     0.000000000E+00   0.000000000E+00   0.000000000E+00   0.129608216E+01
     0.993753596E+00   0.495952692E+00   0.154127640E+00   0.000000000E+00
     0.000000000E+00   0.000000000E+00   0.000000000E+00   0.000000000E+00
     0.000000000E+00   0.000000000E+00   0.129608216E+01   0.993753596E+00
     0.495952692E+00   0.154127640E+00   0.000000000E+00   0.000000000E+00
     0.000000000E+00   0.000000000E+00   0.000000000E+00   0.000000000E+00
     0.000000000E+00   0.129608216E+01   0.993753596E+00   0.495952692E+00
     0.154127640E+00   0.000000000E+00   0.000000000E+00   0.000000000E+00
     0.000000000E+00   0.000000000E+00   0.000000000E+00   0.000000000E+00
     0.129608216E+01   0.993753596E+00   0.495952692E+00   0.154127640E+00
     0.000000000E+00   0.000000000E+00   0.000000000E+00   0.000000000E+00
     0.000000000E+00   0.000000000E+00   0.000000000E+00   0.000000000E+00
     0.000000000E+00   0.000000000E+00   0.000000000E+00   0.000000000E+00
     0.000000000E+00   0.000000000E+00   0.000000000E+00   0.000000000E+00
     0.000000000E+00   0.000000000E+00   0.000000000E+00   0.000000000E+00
     0.000000000E+00   0.000000000E+00   0.000000000E+00   0.000000000E+00
     0.000000000E+00   0.000000000E+00   0.000000000E+00   0.000000000E+00
     0.000000000E+00   0.000000000E+00   0.000000000E+00   0.000000000E+00
     0.000000000E+00   0.000000000E+00   0.000000000E+00   0.000000000E+00
     0.000000000E+00   0.000000000E+00   0.000000000E+00   0.000000000E+00
     0.000000000E+00   0.000000000E+00   0.000000000E+00   0.000000000E+00
     0.000000000E+00   0.000000000E+00   0.000000000E+00   0.000000000E+00
     0.000000000E+00   0.000000000E+00   0.000000000E+00   0.000000000E+00
     0.000000000E+00   0.000000000E+00   0.000000000E+00   0.000000000E+00
     0.000000000E+00   0.000000000E+00   0.000000000E+00   0.000000000E+00
     0.000000000E+00   0.000000000E+00   0.000000000E+00   0.000000000E+00
     0.000000000E+00   0.000000000E+00   0.000000000E+00   0.000000000E+00
     0.000000000E+00   0.000000000E+00   0.000000000E+00   0.000000000E+00
     0.000000000E+00

     0.000000000E+00   0.000000000E+00   0.000000000E+00   0.000000000E+00
     0.000000000E+00   0.000000000E+00   0.000000000E+00   0.000000000E+00
     0.000000000E+00   0.000000000E+00   0.111382493E+01   0.000000000E+00
     0.000000000E+00   0.000000000E+00   0.000000000E+00   0.000000000E+00
     0.000000000E+00   0.000000000E+00   0.000000000E+00   0.000000000E+00
     0.000000000E+00   0.111382493E+01   0.000000000E+00   0.000000000E+00
     0.000000000E+00   0.000000000E+00   0.000000000E+00   0.000000000E+00
     0.000000000E+00   0.000000000E+00   0.000000000E+00   0.000000000E+00
     0.111382493E+01   0.000000000E+00   0.000000000E+00   0.000000000E+00
     0.000000000E+00   0.000000000E+00   0.000000000E+00   0.000000000E+00
     0.000000000E+00   0.000000000E+00   0.000000000E+00   0.111382493E+01
     0.000000000E+00   0.000000000E+00   0.000000000E+00   0.000000000E+00
     0.000000000E+00   0.000000000E+00   0.000000000E+00   0.000000000E+00
     0.000000000E+00   0.000000000E+00   0.111382493E+01   0.000000000E+00
     0.000000000E+00   0.000000000E+00   0.000000000E+00   0.000000000E+00
     0.000000000E+00   0.000000000E+00   0.000000000E+00   0.000000000E+00
     0.000000000E+00   0.111382493E+01   0.000000000E+00   0.000000000E+00
     0.000000000E+00   0.000000000E+00   0.000000000E+00   0.000000000E+00
     0.000000000E+00   0.000000000E+00   0.000000000E+00   0.000000000E+00
     0.111382493E+01   0.000000000E+00   0.000000000E+00   0.000000000E+00
     0.000000000E+00   0.000000000E+00   0.000000000E+00   0.000000000E+00
     0.000000000E+00   0.000000000E+00   0.000000000E+00   0.111382493E+01
     0.000000000E+00   0.000000000E+00   0.000000000E+00   0.000000000E+00
     0.000000000E+00   0.000000000E+00   0.000000000E+00   0.000000000E+00
     0.000000000E+00   0.000000000E+00   0.111382493E+01   0.000000000E+00
     0.000000000E+00   0.000000000E+00   0.000000000E+00   0.000000000E+00
     0.000000000E+00   0.000000000E+00   0.000000000E+00   0.000000000E+00
     0.000000000E+00   0.111382493E+01   0.000000000E+00   0.000000000E+00
     0.000000000E+00   0.000000000E+00   0.000000000E+00   0.000000000E+00
     0.000000000E+00   0.000000000E+00   0.000000000E+00   0.000000000E+00
     0.111382493E+01   0.000000000E+00   0.000000000E+00   0.000000000E+00
     0.000000000E+00   0.000000000E+00   0.000000000E+00   0.000000000E+00
     0.000000000E+00   0.000000000E+00   0.000000000E+00   0.111382493E+01
     0.000000000E+00   0.000000000E+00   0.000000000E+00   0.000000000E+00
     0.000000000E+00   0.000000000E+00   0.000000000E+00   0.000000000E+00
     0.000000000E+00   0.000000000E+00   0.111382493E+01   0.000000000E+00
     0.000000000E+00   0.000000000E+00   0.000000000E+00   0.000000000E+00
     0.000000000E+00   0.000000000E+00   0.000000000E+00   0.000000000E+00
     0.000000000E+00   0.111382493E+01   0.000000000E+00   0.000000000E+00
     0.000000000E+00   0.000000000E+00   0.000000000E+00   0.000000000E+00
     0.000000000E+00   0.000000000E+00   0.000000000E+00   0.000000000E+00
     0.111382493E+01   0.000000000E+00   0.000000000E+00   0.000000000E+00
     0.000000000E+00   0.000000000E+00   0.000000000E+00   0.000000000E+00
     0.000000000E+00   0.000000000E+00   0.000000000E+00   0.000000000E+00
     0.000000000E+00   0.000000000E+00   0.000000000E+00   0.000000000E+00
     0.000000000E+00   0.000000000E+00   0.000000000E+00   0.000000000E+00
     0.000000000E+00   0.000000000E+00   0.000000000E+00   0.000000000E+00
     0.000000000E+00   0.000000000E+00   0.000000000E+00   0.000000000E+00
     0.000000000E+00   0.000000000E+00   0.000000000E+00   0.000000000E+00
     0.000000000E+00   0.000000000E+00   0.000000000E+00   0.000000000E+00
     0.000000000E+00   0.000000000E+00   0.000000000E+00   0.000000000E+00
     0.000000000E+00   0.000000000E+00   0.000000000E+00   0.000000000E+00
     0.000000000E+00   0.000000000E+00   0.000000000E+00   0.000000000E+00
     0.000000000E+00   0.000000000E+00   0.000000000E+00   0.000000000E+00
     0.000000000E+00   0.000000000E+00   0.000000000E+00   0.000000000E+00
     0.000000000E+00   0.000000000E+00   0.000000000E+00   0.000000000E+00
     0.000000000E+00   0.000000000E+00   0.000000000E+00   0.000000000E+00
     0.000000000E+00   0.000000000E+00   0.000000000E+00   0.000000000E+00
     0.000000000E+00   0.000000000E+00   0.000000000E+00   0.000000000E+00
     0.000000000E+00

     0.000000000E+00   0.000000000E+00   0.000000000E+00   0.000000000E+00
     0.000000000E+00   0.000000000E+00   0.000000000E+00   0.000000000E+00
     0.000000000E+00   0.000000000E+00   0.000000000E+00   0.000000000E+00
     0.000000000E+00   0.000000000E+00   0.000000000E+00   0.000000000E+00
     0.000000000E+00   0.000000000E+00   0.000000000E+00   0.000000000E+00
     0.000000000E+00   0.000000000E+00   0.000000000E+00   0.000000000E+00
     0.000000000E+00   0.000000000E+00   0.000000000E+00   0.000000000E+00
     0.000000000E+00   0.000000000E+00   0.000000000E+00   0.000000000E+00
     0.000000000E+00   0.000000000E+00   0.000000000E+00   0.000000000E+00
     0.000000000E+00   0.000000000E+00   0.000000000E+00   0.000000000E+00
     0.000000000E+00   0.000000000E+00   0.000000000E+00   0.000000000E+00
     0.000000000E+00   0.000000000E+00   0.000000000E+00   0.000000000E+00
     0.000000000E+00   0.000000000E+00   0.000000000E+00   0.000000000E+00
     0.000000000E+00   0.000000000E+00   0.000000000E+00   0.000000000E+00
     0.000000000E+00   0.000000000E+00   0.000000000E+00   0.000000000E+00
     0.000000000E+00   0.000000000E+00   0.000000000E+00   0.000000000E+00
     0.000000000E+00   0.000000000E+00   0.000000000E+00   0.000000000E+00
     0.000000000E+00   0.000000000E+00   0.000000000E+00   0.000000000E+00
     0.000000000E+00   0.000000000E+00   0.000000000E+00   0.000000000E+00
     0.000000000E+00   0.000000000E+00   0.000000000E+00   0.000000000E+00
     0.000000000E+00   0.000000000E+00   0.000000000E+00   0.000000000E+00
     0.000000000E+00   0.000000000E+00   0.000000000E+00   0.000000000E+00
     0.000000000E+00   0.000000000E+00   0.000000000E+00   0.000000000E+00
     0.000000000E+00   0.000000000E+00   0.000000000E+00   0.000000000E+00
     0.000000000E+00   0.000000000E+00   0.000000000E+00   0.000000000E+00
     0.000000000E+00   0.000000000E+00   0.000000000E+00   0.000000000E+00
     0.000000000E+00   0.000000000E+00   0.000000000E+00   0.000000000E+00
     0.000000000E+00   0.000000000E+00   0.000000000E+00   0.000000000E+00
     0.000000000E+00   0.000000000E+00   0.000000000E+00   0.000000000E+00
     0.000000000E+00   0.000000000E+00   0.000000000E+00   0.000000000E+00
     0.000000000E+00   0.000000000E+00   0.000000000E+00   0.000000000E+00
     0.000000000E+00   0.000000000E+00   0.000000000E+00   0.000000000E+00
     0.000000000E+00   0.000000000E+00   0.000000000E+00   0.000000000E+00
     0.000000000E+00   0.000000000E+00   0.000000000E+00   0.000000000E+00
     0.000000000E+00   0.000000000E+00   0.000000000E+00   0.000000000E+00
     0.000000000E+00   0.000000000E+00   0.000000000E+00   0.000000000E+00
     0.000000000E+00   0.000000000E+00   0.000000000E+00   0.000000000E+00
     0.000000000E+00   0.000000000E+00   0.000000000E+00   0.000000000E+00
     0.000000000E+00   0.000000000E+00   0.000000000E+00   0.000000000E+00
     0.000000000E+00   0.000000000E+00   0.000000000E+00   0.000000000E+00
     0.000000000E+00   0.000000000E+00   0.000000000E+00   0.000000000E+00
     0.000000000E+00   0.000000000E+00   0.000000000E+00   0.000000000E+00
     0.000000000E+00   0.000000000E+00   0.000000000E+00   0.000000000E+00
     0.000000000E+00   0.000000000E+00   0.000000000E+00   0.000000000E+00
     0.000000000E+00   0.000000000E+00   0.000000000E+00   0.000000000E+00
     0.000000000E+00   0.000000000E+00   0.000000000E+00   0.000000000E+00
     0.000000000E+00   0.000000000E+00   0.000000000E+00   0.000000000E+00
     0.000000000E+00   0.000000000E+00   0.000000000E+00   0.000000000E+00
     0.000000000E+00   0.000000000E+00   0.000000000E+00   0.000000000E+00
     0.000000000E+00   0.000000000E+00   0.000000000E+00   0.000000000E+00
     0.000000000E+00   0.000000000E+00   0.000000000E+00   0.000000000E+00
     0.000000000E+00   0.000000000E+00   0.000000000E+00   0.000000000E+00
     0.000000000E+00   0.000000000E+00   0.000000000E+00   0.000000000E+00
     0.000000000E+00   0.000000000E+00   0.000000000E+00   0.000000000E+00
     0.000000000E+00   0.000000000E+00   0.000000000E+00   0.000000000E+00
     0.000000000E+00   0.000000000E+00   0.000000000E+00   0.000000000E+00
     0.000000000E+00   0.000000000E+00   0.000000000E+00   0.000000000E+00
     0.000000000E+00   0.000000000E+00   0.000000000E+00   0.000000000E+00
     0.000000000E+00   0.000000000E+00   0.000000000E+00   0.000000000E+00
     0.000000000E+00
