 Title Card Required                                                            
 Basis set information needed for plotting orbitals
 ---------------------------------------------------------------------------
     18    56   142
 ---------------------------------------------------------------------------
    6  -3.607251084  -0.708544127   0.000311009
    6  -2.418759544  -1.402397890   0.000281949
    6  -1.174045445  -0.716795804   0.000303012
    6   0.070366473  -1.402109060   0.000274057
    6   1.259618735  -0.708487383   0.000295573
    6   1.259617397   0.708489759   0.000347290
    6   0.070363825   1.402109193   0.000376355
    6  -1.174046800   0.716793587   0.000355283
    6  -2.418762195   1.402393324   0.000384205
    6  -3.607252422   0.708537316   0.000362700
    1  -4.551920618  -1.245476542   0.000294481
    1  -2.415607505  -2.490006318   0.000242273
    1   0.067563156  -2.489737458   0.000234363
    1   2.203872998  -1.245919712   0.000272997
    1   2.203870643   1.245923872   0.000363825
    1   0.067558455   2.489737585   0.000415999
    1  -2.415612204   2.490001756   0.000423869
    1  -4.551922968   1.245467948   0.000385232
 ---------------------------------------------------------------------------
      1     1     1     6
      1
      1     4     7     3
      1   101   102   103
      1     4    10     1
      1   101   102   103
      1     6    11     1
    201   204   206   202   203   205
      2     1    12     6
      1
      2     4    18     3
      1   101   102   103
      2     4    21     1
      1   101   102   103
      2     6    22     1
    201   204   206   202   203   205
      3     1    23     6
      1
      3     4    29     3
      1   101   102   103
      3     4    32     1
      1   101   102   103
      3     6    33     1
    201   204   206   202   203   205
      4     1    34     6
      1
      4     4    40     3
      1   101   102   103
      4     4    43     1
      1   101   102   103
      4     6    44     1
    201   204   206   202   203   205
      5     1    45     6
      1
      5     4    51     3
      1   101   102   103
      5     4    54     1
      1   101   102   103
      5     6    55     1
    201   204   206   202   203   205
      6     1    56     6
      1
      6     4    62     3
      1   101   102   103
      6     4    65     1
      1   101   102   103
      6     6    66     1
    201   204   206   202   203   205
      7     1    67     6
      1
      7     4    73     3
      1   101   102   103
      7     4    76     1
      1   101   102   103
      7     6    77     1
    201   204   206   202   203   205
      8     1    78     6
      1
      8     4    84     3
      1   101   102   103
      8     4    87     1
      1   101   102   103
      8     6    88     1
    201   204   206   202   203   205
      9     1    89     6
      1
      9     4    95     3
      1   101   102   103
      9     4    98     1
      1   101   102   103
      9     6    99     1
    201   204   206   202   203   205
     10     1   100     6
      1
     10     4   106     3
      1   101   102   103
     10     4   109     1
      1   101   102   103
     10     6   110     1
    201   204   206   202   203   205
     11     1   111     3
      1
     11     1   114     1
      1
     12     1   115     3
      1
     12     1   118     1
      1
     13     1   119     3
      1
     13     1   122     1
      1
     14     1   123     3
      1
     14     1   126     1
      1
     15     1   127     3
      1
     15     1   130     1
      1
     16     1   131     3
      1
     16     1   134     1
      1
     17     1   135     3
      1
     17     1   138     1
      1
     18     1   139     3
      1
     18     1   142     1
      1
 ---------------------------------------------------------------------------
     0.304752488E+04   0.457369518E+03   0.103948685E+03   0.292101553E+02
     0.928666296E+01   0.316392696E+01   0.786827235E+01   0.188128854E+01
     0.544249258E+00   0.168714478E+00   0.800000000E+00   0.304752488E+04
     0.457369518E+03   0.103948685E+03   0.292101553E+02   0.928666296E+01
     0.316392696E+01   0.786827235E+01   0.188128854E+01   0.544249258E+00
     0.168714478E+00   0.800000000E+00   0.304752488E+04   0.457369518E+03
     0.103948685E+03   0.292101553E+02   0.928666296E+01   0.316392696E+01
     0.786827235E+01   0.188128854E+01   0.544249258E+00   0.168714478E+00
     0.800000000E+00   0.304752488E+04   0.457369518E+03   0.103948685E+03
     0.292101553E+02   0.928666296E+01   0.316392696E+01   0.786827235E+01
     0.188128854E+01   0.544249258E+00   0.168714478E+00   0.800000000E+00
     0.304752488E+04   0.457369518E+03   0.103948685E+03   0.292101553E+02
     0.928666296E+01   0.316392696E+01   0.786827235E+01   0.188128854E+01
     0.544249258E+00   0.168714478E+00   0.800000000E+00   0.304752488E+04
     0.457369518E+03   0.103948685E+03   0.292101553E+02   0.928666296E+01
     0.316392696E+01   0.786827235E+01   0.188128854E+01   0.544249258E+00
     0.168714478E+00   0.800000000E+00   0.304752488E+04   0.457369518E+03
     0.103948685E+03   0.292101553E+02   0.928666296E+01   0.316392696E+01
     0.786827235E+01   0.188128854E+01   0.544249258E+00   0.168714478E+00
     0.800000000E+00   0.304752488E+04   0.457369518E+03   0.103948685E+03
     0.292101553E+02   0.928666296E+01   0.316392696E+01   0.786827235E+01
     0.188128854E+01   0.544249258E+00   0.168714478E+00   0.800000000E+00
     0.304752488E+04   0.457369518E+03   0.103948685E+03   0.292101553E+02
     0.928666296E+01   0.316392696E+01   0.786827235E+01   0.188128854E+01
     0.544249258E+00   0.168714478E+00   0.800000000E+00   0.304752488E+04
     0.457369518E+03   0.103948685E+03   0.292101553E+02   0.928666296E+01
     0.316392696E+01   0.786827235E+01   0.188128854E+01   0.544249258E+00
     0.168714478E+00   0.800000000E+00   0.187311370E+02   0.282539436E+01
     0.640121692E+00   0.161277759E+00   0.187311370E+02   0.282539436E+01
     0.640121692E+00   0.161277759E+00   0.187311370E+02   0.282539436E+01
     0.640121692E+00   0.161277759E+00   0.187311370E+02   0.282539436E+01
     0.640121692E+00   0.161277759E+00   0.187311370E+02   0.282539436E+01
     0.640121692E+00   0.161277759E+00   0.187311370E+02   0.282539436E+01
     0.640121692E+00   0.161277759E+00   0.187311370E+02   0.282539436E+01
     0.640121692E+00   0.161277759E+00   0.187311370E+02   0.282539436E+01
     0.640121692E+00   0.161277759E+00

     0.536345187E+00   0.989452141E+00   0.159728255E+01   0.207918728E+01
     0.177417427E+01   0.612579741E+00  -0.399556387E+00  -0.184155174E+00
     0.516390329E+00   0.187617937E+00   0.000000000E+00   0.536345187E+00
     0.989452141E+00   0.159728255E+01   0.207918728E+01   0.177417427E+01
     0.612579741E+00  -0.399556387E+00  -0.184155174E+00   0.516390329E+00
     0.187617937E+00   0.000000000E+00   0.536345187E+00   0.989452141E+00
     0.159728255E+01   0.207918728E+01   0.177417427E+01   0.612579741E+00
    -0.399556387E+00  -0.184155174E+00   0.516390329E+00   0.187617937E+00
     0.000000000E+00   0.536345187E+00   0.989452141E+00   0.159728255E+01
     0.207918728E+01   0.177417427E+01   0.612579741E+00  -0.399556387E+00
    -0.184155174E+00   0.516390329E+00   0.187617937E+00   0.000000000E+00
     0.536345187E+00   0.989452141E+00   0.159728255E+01   0.207918728E+01
     0.177417427E+01   0.612579741E+00  -0.399556387E+00  -0.184155174E+00
     0.516390329E+00   0.187617937E+00   0.000000000E+00   0.536345187E+00
     0.989452141E+00   0.159728255E+01   0.207918728E+01   0.177417427E+01
     0.612579741E+00  -0.399556387E+00  -0.184155174E+00   0.516390329E+00
     0.187617937E+00   0.000000000E+00   0.536345187E+00   0.989452141E+00
     0.159728255E+01   0.207918728E+01   0.177417427E+01   0.612579741E+00
    -0.399556387E+00  -0.184155174E+00   0.516390329E+00   0.187617937E+00
     0.000000000E+00   0.536345187E+00   0.989452141E+00   0.159728255E+01
     0.207918728E+01   0.177417427E+01   0.612579741E+00  -0.399556387E+00
    -0.184155174E+00   0.516390329E+00   0.187617937E+00   0.000000000E+00
     0.536345187E+00   0.989452141E+00   0.159728255E+01   0.207918728E+01
     0.177417427E+01   0.612579741E+00  -0.399556387E+00  -0.184155174E+00
     0.516390329E+00   0.187617937E+00   0.000000000E+00   0.536345187E+00
     0.989452141E+00   0.159728255E+01   0.207918728E+01   0.177417427E+01
     0.612579741E+00  -0.399556387E+00  -0.184155174E+00   0.516390329E+00
     0.187617937E+00   0.000000000E+00   0.214935449E+00   0.364571202E+00
     0.415051428E+00   0.181380649E+00   0.214935449E+00   0.364571202E+00
     0.415051428E+00   0.181380649E+00   0.214935449E+00   0.364571202E+00
     0.415051428E+00   0.181380649E+00   0.214935449E+00   0.364571202E+00
     0.415051428E+00   0.181380649E+00   0.214935449E+00   0.364571202E+00
     0.415051428E+00   0.181380649E+00   0.214935449E+00   0.364571202E+00
     0.415051428E+00   0.181380649E+00   0.214935449E+00   0.364571202E+00
     0.415051428E+00   0.181380649E+00   0.214935449E+00   0.364571202E+00
     0.415051428E+00   0.181380649E+00

     0.000000000E+00   0.000000000E+00   0.000000000E+00   0.000000000E+00
     0.000000000E+00   0.000000000E+00   0.129608216E+01   0.993753596E+00
     0.495952692E+00   0.154127640E+00   0.000000000E+00   0.000000000E+00
     0.000000000E+00   0.000000000E+00   0.000000000E+00   0.000000000E+00
     0.000000000E+00   0.129608216E+01   0.993753596E+00   0.495952692E+00
     0.154127640E+00   0.000000000E+00   0.000000000E+00   0.000000000E+00
     0.000000000E+00   0.000000000E+00   0.000000000E+00   0.000000000E+00
     0.129608216E+01   0.993753596E+00   0.495952692E+00   0.154127640E+00
     0.000000000E+00   0.000000000E+00   0.000000000E+00   0.000000000E+00
     0.000000000E+00   0.000000000E+00   0.000000000E+00   0.129608216E+01
     0.993753596E+00   0.495952692E+00   0.154127640E+00   0.000000000E+00
     0.000000000E+00   0.000000000E+00   0.000000000E+00   0.000000000E+00
     0.000000000E+00   0.000000000E+00   0.129608216E+01   0.993753596E+00
     0.495952692E+00   0.154127640E+00   0.000000000E+00   0.000000000E+00
     0.000000000E+00   0.000000000E+00   0.000000000E+00   0.000000000E+00
     0.000000000E+00   0.129608216E+01   0.993753596E+00   0.495952692E+00
     0.154127640E+00   0.000000000E+00   0.000000000E+00   0.000000000E+00
     0.000000000E+00   0.000000000E+00   0.000000000E+00   0.000000000E+00
     0.129608216E+01   0.993753596E+00   0.495952692E+00   0.154127640E+00
     0.000000000E+00   0.000000000E+00   0.000000000E+00   0.000000000E+00
     0.000000000E+00   0.000000000E+00   0.000000000E+00   0.129608216E+01
     0.993753596E+00   0.495952692E+00   0.154127640E+00   0.000000000E+00
     0.000000000E+00   0.000000000E+00   0.000000000E+00   0.000000000E+00
     0.000000000E+00   0.000000000E+00   0.129608216E+01   0.993753596E+00
     0.495952692E+00   0.154127640E+00   0.000000000E+00   0.000000000E+00
     0.000000000E+00   0.000000000E+00   0.000000000E+00   0.000000000E+00
     0.000000000E+00   0.129608216E+01   0.993753596E+00   0.495952692E+00
     0.154127640E+00   0.000000000E+00   0.000000000E+00   0.000000000E+00
     0.000000000E+00   0.000000000E+00   0.000000000E+00   0.000000000E+00
     0.000000000E+00   0.000000000E+00   0.000000000E+00   0.000000000E+00
     0.000000000E+00   0.000000000E+00   0.000000000E+00   0.000000000E+00
     0.000000000E+00   0.000000000E+00   0.000000000E+00   0.000000000E+00
     0.000000000E+00   0.000000000E+00   0.000000000E+00   0.000000000E+00
     0.000000000E+00   0.000000000E+00   0.000000000E+00   0.000000000E+00
     0.000000000E+00   0.000000000E+00   0.000000000E+00   0.000000000E+00
     0.000000000E+00   0.000000000E+00

     0.000000000E+00   0.000000000E+00   0.000000000E+00   0.000000000E+00
     0.000000000E+00   0.000000000E+00   0.000000000E+00   0.000000000E+00
     0.000000000E+00   0.000000000E+00   0.111382493E+01   0.000000000E+00
     0.000000000E+00   0.000000000E+00   0.000000000E+00   0.000000000E+00
     0.000000000E+00   0.000000000E+00   0.000000000E+00   0.000000000E+00
     0.000000000E+00   0.111382493E+01   0.000000000E+00   0.000000000E+00
     0.000000000E+00   0.000000000E+00   0.000000000E+00   0.000000000E+00
     0.000000000E+00   0.000000000E+00   0.000000000E+00   0.000000000E+00
     0.111382493E+01   0.000000000E+00   0.000000000E+00   0.000000000E+00
     0.000000000E+00   0.000000000E+00   0.000000000E+00   0.000000000E+00
     0.000000000E+00   0.000000000E+00   0.000000000E+00   0.111382493E+01
     0.000000000E+00   0.000000000E+00   0.000000000E+00   0.000000000E+00
     0.000000000E+00   0.000000000E+00   0.000000000E+00   0.000000000E+00
     0.000000000E+00   0.000000000E+00   0.111382493E+01   0.000000000E+00
     0.000000000E+00   0.000000000E+00   0.000000000E+00   0.000000000E+00
     0.000000000E+00   0.000000000E+00   0.000000000E+00   0.000000000E+00
     0.000000000E+00   0.111382493E+01   0.000000000E+00   0.000000000E+00
     0.000000000E+00   0.000000000E+00   0.000000000E+00   0.000000000E+00
     0.000000000E+00   0.000000000E+00   0.000000000E+00   0.000000000E+00
     0.111382493E+01   0.000000000E+00   0.000000000E+00   0.000000000E+00
     0.000000000E+00   0.000000000E+00   0.000000000E+00   0.000000000E+00
     0.000000000E+00   0.000000000E+00   0.000000000E+00   0.111382493E+01
     0.000000000E+00   0.000000000E+00   0.000000000E+00   0.000000000E+00
     0.000000000E+00   0.000000000E+00   0.000000000E+00   0.000000000E+00
     0.000000000E+00   0.000000000E+00   0.111382493E+01   0.000000000E+00
     0.000000000E+00   0.000000000E+00   0.000000000E+00   0.000000000E+00
     0.000000000E+00   0.000000000E+00   0.000000000E+00   0.000000000E+00
     0.000000000E+00   0.111382493E+01   0.000000000E+00   0.000000000E+00
     0.000000000E+00   0.000000000E+00   0.000000000E+00   0.000000000E+00
     0.000000000E+00   0.000000000E+00   0.000000000E+00   0.000000000E+00
     0.000000000E+00   0.000000000E+00   0.000000000E+00   0.000000000E+00
     0.000000000E+00   0.000000000E+00   0.000000000E+00   0.000000000E+00
     0.000000000E+00   0.000000000E+00   0.000000000E+00   0.000000000E+00
     0.000000000E+00   0.000000000E+00   0.000000000E+00   0.000000000E+00
     0.000000000E+00   0.000000000E+00   0.000000000E+00   0.000000000E+00
     0.000000000E+00   0.000000000E+00

     0.000000000E+00   0.000000000E+00   0.000000000E+00   0.000000000E+00
     0.000000000E+00   0.000000000E+00   0.000000000E+00   0.000000000E+00
     0.000000000E+00   0.000000000E+00   0.000000000E+00   0.000000000E+00
     0.000000000E+00   0.000000000E+00   0.000000000E+00   0.000000000E+00
     0.000000000E+00   0.000000000E+00   0.000000000E+00   0.000000000E+00
     0.000000000E+00   0.000000000E+00   0.000000000E+00   0.000000000E+00
     0.000000000E+00   0.000000000E+00   0.000000000E+00   0.000000000E+00
     0.000000000E+00   0.000000000E+00   0.000000000E+00   0.000000000E+00
     0.000000000E+00   0.000000000E+00   0.000000000E+00   0.000000000E+00
     0.000000000E+00   0.000000000E+00   0.000000000E+00   0.000000000E+00
     0.000000000E+00   0.000000000E+00   0.000000000E+00   0.000000000E+00
     0.000000000E+00   0.000000000E+00   0.000000000E+00   0.000000000E+00
     0.000000000E+00   0.000000000E+00   0.000000000E+00   0.000000000E+00
     0.000000000E+00   0.000000000E+00   0.000000000E+00   0.000000000E+00
     0.000000000E+00   0.000000000E+00   0.000000000E+00   0.000000000E+00
     0.000000000E+00   0.000000000E+00   0.000000000E+00   0.000000000E+00
     0.000000000E+00   0.000000000E+00   0.000000000E+00   0.000000000E+00
     0.000000000E+00   0.000000000E+00   0.000000000E+00   0.000000000E+00
     0.000000000E+00   0.000000000E+00   0.000000000E+00   0.000000000E+00
     0.000000000E+00   0.000000000E+00   0.000000000E+00   0.000000000E+00
     0.000000000E+00   0.000000000E+00   0.000000000E+00   0.000000000E+00
     0.000000000E+00   0.000000000E+00   0.000000000E+00   0.000000000E+00
     0.000000000E+00   0.000000000E+00   0.000000000E+00   0.000000000E+00
     0.000000000E+00   0.000000000E+00   0.000000000E+00   0.000000000E+00
     0.000000000E+00   0.000000000E+00   0.000000000E+00   0.000000000E+00
     0.000000000E+00   0.000000000E+00   0.000000000E+00   0.000000000E+00
     0.000000000E+00   0.000000000E+00   0.000000000E+00   0.000000000E+00
     0.000000000E+00   0.000000000E+00   0.000000000E+00   0.000000000E+00
     0.000000000E+00   0.000000000E+00   0.000000000E+00   0.000000000E+00
     0.000000000E+00   0.000000000E+00   0.000000000E+00   0.000000000E+00
     0.000000000E+00   0.000000000E+00   0.000000000E+00   0.000000000E+00
     0.000000000E+00   0.000000000E+00   0.000000000E+00   0.000000000E+00
     0.000000000E+00   0.000000000E+00   0.000000000E+00   0.000000000E+00
     0.000000000E+00   0.000000000E+00   0.000000000E+00   0.000000000E+00
     0.000000000E+00   0.000000000E+00   0.000000000E+00   0.000000000E+00
     0.000000000E+00   0.000000000E+00
